1555918798781,3,2.1660156,0.9838867,9.71875,Cywee Accelerometer Sensor
1555918798783,3,2.2285156,0.9213867,9.6875,Cywee Accelerometer Sensor
1555918798784,3,2.2324219,0.8833008,9.625,Cywee Accelerometer Sensor
1555918798784,3,2.1855469,0.86865234,9.640625,Cywee Accelerometer Sensor
1555918798785,3,2.1738281,0.8833008,9.6796875,Cywee Accelerometer Sensor
1555918798785,3,2.1679688,0.8354492,9.6796875,Cywee Accelerometer Sensor
1555918798786,3,2.1640625,0.8208008,9.640625,Cywee Accelerometer Sensor
1555918798786,1,537.0,Cywee Step Counter
1555918798787,3,2.15625,0.8378906,9.6171875,Cywee Accelerometer Sensor
1555918798787,3,2.1484375,0.86621094,9.640625,Cywee Accelerometer Sensor
1555918798803,3,2.1484375,0.8808594,9.6328125,Cywee Accelerometer Sensor
1555918798804,3,2.1601562,0.8618164,9.640625,Cywee Accelerometer Sensor
1555918798832,3,2.1699219,0.9165039,9.640625,Cywee Accelerometer Sensor
1555918798833,3,2.1425781,0.8857422,9.6328125,Cywee Accelerometer Sensor
1555918798838,3,2.1777344,0.8925781,9.625,Cywee Accelerometer Sensor
1555918798860,3,2.1875,0.87841797,9.6328125,Cywee Accelerometer Sensor
1555918798861,3,2.1777344,0.87841797,9.6171875,Cywee Accelerometer Sensor
1555918798862,3,2.1699219,0.87841797,9.609375,Cywee Accelerometer Sensor
1555918798890,3,2.1757812,0.8378906,9.640625,Cywee Accelerometer Sensor
1555918798891,3,2.15625,0.86865234,9.609375,Cywee Accelerometer Sensor
1555918798892,3,2.1582031,0.87597656,9.625,Cywee Accelerometer Sensor
1555918798920,3,2.15625,0.8017578,9.65625,Cywee Accelerometer Sensor
1555918798921,3,2.1738281,0.8256836,9.6640625,Cywee Accelerometer Sensor
1555918798921,3,2.1582031,0.8857422,9.6796875,Cywee Accelerometer Sensor
1555918798950,3,2.1894531,0.890625,9.703125,Cywee Accelerometer Sensor
1555918798951,3,2.1777344,0.90478516,9.734375,Cywee Accelerometer Sensor
1555918798953,3,2.1796875,0.8925781,9.734375,Cywee Accelerometer Sensor
1555918798975,3,2.1894531,0.8642578,9.7265625,Cywee Accelerometer Sensor
1555918798976,3,2.1601562,0.89746094,9.7109375,Cywee Accelerometer Sensor
1555918799005,3,2.1347656,0.9477539,9.7265625,Cywee Accelerometer Sensor
1555918799006,3,2.1289062,0.92871094,9.703125,Cywee Accelerometer Sensor
1555918799007,3,2.1171875,0.92626953,9.6875,Cywee Accelerometer Sensor
1555918799031,3,2.1015625,0.93115234,9.65625,Cywee Accelerometer Sensor
1555918799033,3,2.0996094,0.90478516,9.65625,Cywee Accelerometer Sensor
1555918799033,3,2.1230469,0.9189453,9.65625,Cywee Accelerometer Sensor
1555918799059,3,2.1210938,0.90478516,9.65625,Cywee Accelerometer Sensor
1555918799060,3,2.1054688,0.9145508,9.6953125,Cywee Accelerometer Sensor
1555918799063,3,2.0722656,0.9238281,9.71875,Cywee Accelerometer Sensor
1555918799090,3,2.0683594,0.9453125,9.6796875,Cywee Accelerometer Sensor
1555918799091,3,2.0742188,1.0078125,9.6640625,Cywee Accelerometer Sensor
1555918799091,3,2.0605469,0.99072266,9.6796875,Cywee Accelerometer Sensor
1555918799121,3,1.9892578,0.98876953,9.65625,Cywee Accelerometer Sensor
1555918799122,3,1.9648438,1.0458984,9.6484375,Cywee Accelerometer Sensor
1555918799123,3,26.046875,-27.796875,-19.1875,Cywee Magnetic field Sensor
1555918799123,3,1.953125,1.0341797,9.671875,Cywee Accelerometer Sensor
1555918799150,3,1.921875,1.0507812,9.65625,Cywee Accelerometer Sensor
1555918799151,3,1.9121094,1.1298828,9.6484375,Cywee Accelerometer Sensor
1555918799151,3,1.8291016,1.2128906,9.6328125,Cywee Accelerometer Sensor
1555918799180,3,1.7880859,1.3232422,9.6171875,Cywee Accelerometer Sensor
1555918799182,3,1.7402344,1.5537109,9.6328125,Cywee Accelerometer Sensor
1555918799183,3,1.6445312,1.7880859,9.671875,Cywee Accelerometer Sensor
1555918799210,3,1.4980469,1.9892578,9.640625,Cywee Accelerometer Sensor
1555918799214,3,1.3574219,2.1113281,9.609375,Cywee Accelerometer Sensor
1555918799215,3,1.15625,1.984375,9.53125,Cywee Accelerometer Sensor
1555918799240,3,0.90234375,1.7617188,9.46875,Cywee Accelerometer Sensor
1555918799241,3,0.69628906,1.7929688,9.2890625,Cywee Accelerometer Sensor
1555918799242,3,0.34936523,2.0507812,8.9765625,Cywee Accelerometer Sensor
1555918799269,3,-0.05984497,2.0742188,8.6015625,Cywee Accelerometer Sensor
1555918799273,3,-0.4189453,1.6826172,8.234375,Cywee Accelerometer Sensor
1555918799274,3,-3.6816406,-0.34277344,0.9248047,Cywee Gyroscope Sensor
1555918799275,3,-1.3486328,1.1591797,-1.5117188,Cywee Linear Acceleration
1555918799275,5,0.04348755,-0.018005371,0.6230469,0.7807671,0.0,Cywee Rotation Vector
1555918799276,3,-0.7421875,0.9213867,7.8242188,Cywee Accelerometer Sensor
1555918799299,3,-0.8208008,-0.093322754,7.40625,Cywee Accelerometer Sensor
1555918799301,3,-0.5625,-1.3925781,7.2382812,Cywee Accelerometer Sensor
1555918799301,3,0.0143585205,-2.4335938,7.1796875,Cywee Accelerometer Sensor
1555918799331,3,0.57666016,-2.8203125,7.1523438,Cywee Accelerometer Sensor
1555918799333,3,23.796875,-21.1875,-30.296875,Cywee Magnetic field Sensor
1555918799334,3,0.8183594,-2.9960938,7.1328125,Cywee Accelerometer Sensor
1555918799335,3,0.8618164,-3.3242188,6.9375,Cywee Accelerometer Sensor
1555918799358,3,0.9404297,-4.0625,6.703125,Cywee Accelerometer Sensor
1555918799361,3,1.1796875,-5.0351562,6.3945312,Cywee Accelerometer Sensor
1555918799362,3,1.5605469,-5.8828125,5.84375,Cywee Accelerometer Sensor
1555918799389,3,1.9199219,-6.8984375,5.2617188,Cywee Accelerometer Sensor
1555918799391,3,2.2285156,-7.953125,4.6367188,Cywee Accelerometer Sensor
1555918799391,3,2.4726562,-8.8671875,3.9550781,Cywee Accelerometer Sensor
1555918799418,3,2.6679688,-9.6875,3.4589844,Cywee Accelerometer Sensor
1555918799420,3,2.828125,-10.25,3.2167969,Cywee Accelerometer Sensor
1555918799422,3,2.9101562,-10.3984375,3.0332031,Cywee Accelerometer Sensor
1555918799448,3,2.84375,-10.4609375,2.5527344,Cywee Accelerometer Sensor
1555918799450,3,2.6757812,-10.7890625,1.7402344,Cywee Accelerometer Sensor
1555918799451,3,2.6777344,-10.8671875,1.1132812,Cywee Accelerometer Sensor
1555918799481,3,2.9433594,-10.6484375,0.61035156,Cywee Accelerometer Sensor
1555918799483,3,-5.0039062,-1.4267578,0.3034668,Cywee Gyroscope Sensor
1555918799484,3,1.4169922,-1.5439453,-2.5136719,Cywee Linear Acceleration
1555918799485,5,-0.3544922,-0.46289062,0.5625,0.58622634,0.0,Cywee Rotation Vector
1555918799485,3,3.4160156,-10.7421875,0.03111267,Cywee Accelerometer Sensor
1555918799486,3,3.7460938,-10.6953125,-0.46679688,Cywee Accelerometer Sensor
1555918799508,3,3.7363281,-10.625,-1.0078125,Cywee Accelerometer Sensor
1555918799510,3,3.7363281,-10.625,-1.0078125,Cywee Accelerometer Sensor
1555918799511,3,3.6074219,-10.671875,-1.8261719,Cywee Accelerometer Sensor
1555918799513,3,14.625,17.5,-31.796875,Cywee Magnetic field Sensor
1555918799537,3,3.4921875,-10.7890625,-2.4492188,Cywee Accelerometer Sensor
1555918799539,3,3.5019531,-10.734375,-2.6933594,Cywee Accelerometer Sensor
1555918799539,3,3.5800781,-10.5390625,-2.71875,Cywee Accelerometer Sensor
1555918799568,3,3.6367188,-10.578125,-2.6015625,Cywee Accelerometer Sensor
1555918799570,3,3.6542969,-10.6015625,-2.5273438,Cywee Accelerometer Sensor
1555918799570,3,3.5625,-10.2109375,-2.5664062,Cywee Accelerometer Sensor
1555918799598,3,3.4882812,-10.0546875,-2.7285156,Cywee Accelerometer Sensor
1555918799599,3,3.2402344,-9.875,-2.7382812,Cywee Accelerometer Sensor
1555918799629,3,3.1328125,-9.75,-2.7734375,Cywee Accelerometer Sensor
1555918799630,3,3.1328125,-9.5078125,-2.8359375,Cywee Accelerometer Sensor
1555918799631,3,3.0761719,-9.421875,-2.7949219,Cywee Accelerometer Sensor
1555918799658,3,2.9394531,-9.453125,-2.8125,Cywee Accelerometer Sensor
1555918799660,3,2.7734375,-9.515625,-2.8867188,Cywee Accelerometer Sensor
1555918799660,3,2.6640625,-9.6171875,-2.8164062,Cywee Accelerometer Sensor
1555918799662,3,1.2763672,0.02178955,-2.4785156,Cywee Linear Acceleration
1555918799663,5,-0.4255371,-0.57910156,0.5019531,0.4812511,0.0,Cywee Rotation Vector
1555918799708,3,2.5136719,-9.6640625,-2.3613281,Cywee Accelerometer Sensor
1555918799715,3,2.2539062,-9.4921875,-2.0625,Cywee Accelerometer Sensor
1555918799717,3,2.3886719,-8.984375,-2.5273438,Cywee Accelerometer Sensor
1555918799718,3,13.234375,23.5,-28.1875,Cywee Magnetic field Sensor
1555918799719,3,2.1386719,-8.9375,-2.2617188,Cywee Accelerometer Sensor
1555918799757,3,2.296875,-9.1875,-2.4824219,Cywee Accelerometer Sensor
1555918799758,3,2.2851562,-9.5703125,-2.6777344,Cywee Accelerometer Sensor
1555918799800,3,2.296875,-9.265625,-2.8769531,Cywee Accelerometer Sensor
1555918799801,3,2.4570312,-8.8671875,-2.890625,Cywee Accelerometer Sensor
1555918799837,3,2.4785156,-8.890625,-2.7148438,Cywee Accelerometer Sensor
1555918799837,3,2.3710938,-9.0234375,-2.5585938,Cywee Accelerometer Sensor
1555918799876,3,2.4082031,-9.1640625,-2.59375,Cywee Accelerometer Sensor
1555918799878,3,0.734375,0.21862793,-0.5234375,Cywee Linear Acceleration
1555918799878,5,-0.38720703,-0.6743164,0.48706055,0.39766836,0.0,Cywee Rotation Vector
1555918799878,3,2.4003906,-8.8671875,-2.2597656,Cywee Accelerometer Sensor
1555918799879,3,-0.018325806,-0.07159424,-0.05178833,Cywee Gyroscope Sensor
1555918799916,3,2.5917969,-9.2578125,-2.6992188,Cywee Accelerometer Sensor
1555918799917,3,12.1953125,25.0,-27.59375,Cywee Magnetic field Sensor
1555918799917,3,2.5,-8.7265625,-2.5566406,Cywee Accelerometer Sensor
1555918799956,3,2.6738281,-8.6328125,-2.5800781,Cywee Accelerometer Sensor
1555918799957,3,2.7382812,-8.984375,-2.7734375,Cywee Accelerometer Sensor
1555918799996,3,2.8066406,-8.859375,-2.9550781,Cywee Accelerometer Sensor
1555918799997,3,2.9101562,-8.6015625,-3.0859375,Cywee Accelerometer Sensor
1555918800036,3,2.9101562,-8.484375,-3.1308594,Cywee Accelerometer Sensor
1555918800037,3,2.9375,-8.421875,-3.1523438,Cywee Accelerometer Sensor
1555918800076,3,2.9335938,-8.5390625,-3.2207031,Cywee Accelerometer Sensor
1555918800077,3,0.80908203,0.5541992,-0.39379883,Cywee Linear Acceleration
1555918800078,5,-0.28344727,-0.7504883,0.5004883,0.32547882,0.0,Cywee Rotation Vector
1555918800079,3,2.8359375,-8.6015625,-3.3203125,Cywee Accelerometer Sensor
1555918800079,3,-0.29174805,-0.024765015,0.046081543,Cywee Gyroscope Sensor
1555918800116,3,2.6835938,-8.7734375,-3.2714844,Cywee Accelerometer Sensor
1555918800117,3,11.5078125,27.6875,-23.390625,Cywee Magnetic field Sensor
1555918800117,3,2.609375,-8.7578125,-3.2792969,Cywee Accelerometer Sensor
1555918800156,3,2.5136719,-8.703125,-3.265625,Cywee Accelerometer Sensor
1555918800156,3,2.4453125,-8.7890625,-3.2421875,Cywee Accelerometer Sensor
1555918800196,3,2.34375,-8.828125,-3.1992188,Cywee Accelerometer Sensor
1555918800196,3,2.328125,-8.84375,-3.1132812,Cywee Accelerometer Sensor
1555918800235,3,2.3027344,-8.859375,-3.1328125,Cywee Accelerometer Sensor
1555918800236,3,2.3574219,-8.9609375,-3.078125,Cywee Accelerometer Sensor
1555918800275,3,2.3769531,-9.03125,-3.0019531,Cywee Accelerometer Sensor
1555918800277,3,0.21398926,-0.0803833,0.22839355,Cywee Linear Acceleration
1555918800277,5,-0.21691895,-0.78515625,0.5107422,0.27498776,0.0,Cywee Rotation Vector
1555918800278,3,2.4316406,-9.0234375,-2.9589844,Cywee Accelerometer Sensor
1555918800278,3,0.041259766,-0.29492188,0.15881348,Cywee Gyroscope Sensor
1555918800315,3,2.4023438,-8.9921875,-2.9648438,Cywee Accelerometer Sensor
1555918800316,3,10.8125,26.5,-22.796875,Cywee Magnetic field Sensor
1555918800317,3,2.4355469,-9.0234375,-2.90625,Cywee Accelerometer Sensor
1555918800355,3,2.4121094,-9.03125,-2.9296875,Cywee Accelerometer Sensor
1555918800356,3,2.2929688,-8.953125,-2.6796875,Cywee Accelerometer Sensor
1555918800395,3,2.3144531,-9.5,-2.9160156,Cywee Accelerometer Sensor
1555918800396,3,2.1699219,-8.7890625,-2.7011719,Cywee Accelerometer Sensor
1555918800435,3,2.1289062,-8.4609375,-2.6210938,Cywee Accelerometer Sensor
1555918800435,3,2.1738281,-8.890625,-2.6679688,Cywee Accelerometer Sensor
1555918800475,3,2.2402344,-9.078125,-2.84375,Cywee Accelerometer Sensor
1555918800476,3,0.4177246,0.0335083,0.13671875,Cywee Linear Acceleration
1555918800477,5,-0.17614746,-0.78759766,0.54296875,0.23204947,0.0,Cywee Rotation Vector
1555918800477,3,2.2011719,-8.96875,-2.9628906,Cywee Accelerometer Sensor
1555918800478,3,0.29663086,-0.5961914,-0.03475952,Cywee Gyroscope Sensor
1555918800515,3,2.3925781,-8.84375,-3.5878906,Cywee Accelerometer Sensor
1555918800515,3,9.078125,24.390625,-27.0,Cywee Magnetic field Sensor
1555918800516,3,1.9960938,-8.7890625,-3.9179688,Cywee Accelerometer Sensor
1555918800554,3,1.7324219,-8.6640625,-3.6132812,Cywee Accelerometer Sensor
1555918800555,3,2.0703125,-8.5546875,-3.0019531,Cywee Accelerometer Sensor
1555918800594,3,2.2617188,-8.3515625,-2.6191406,Cywee Accelerometer Sensor
1555918800595,3,2.1542969,-8.6875,-3.015625,Cywee Accelerometer Sensor
1555918800634,3,1.8095703,-9.03125,-3.8867188,Cywee Accelerometer Sensor
1555918800635,3,1.4072266,-9.90625,-4.8710938,Cywee Accelerometer Sensor
1555918800674,3,0.63427734,-10.453125,-5.3789062,Cywee Accelerometer Sensor
1555918800676,3,-0.7402344,-1.2890625,-2.3496094,Cywee Linear Acceleration
1555918800676,5,-0.14172363,-0.79589844,0.5595703,0.18259564,0.0,Cywee Rotation Vector
1555918800677,3,0.0071792603,-10.109375,-4.6171875,Cywee Accelerometer Sensor
1555918800677,3,-0.35546875,-0.5600586,0.30981445,Cywee Gyroscope Sensor
1555918800714,3,-0.00957489,-10.1875,-3.515625,Cywee Accelerometer Sensor
1555918800715,3,6.4882812,23.1875,-29.09375,Cywee Magnetic field Sensor
1555918800715,3,0.36376953,-9.7890625,-2.9277344,Cywee Accelerometer Sensor
1555918800754,3,0.5385742,-9.5234375,-2.7324219,Cywee Accelerometer Sensor
1555918800755,3,0.56933594,-9.390625,-2.6328125,Cywee Accelerometer Sensor
1555918800795,3,0.37329102,-9.1796875,-2.34375,Cywee Accelerometer Sensor
1555918800795,3,0.10772705,-9.1796875,-2.0117188,Cywee Accelerometer Sensor
1555918800834,3,-0.09576416,-8.796875,-1.9462891,Cywee Accelerometer Sensor
1555918800836,3,-0.2607422,-8.7890625,-2.0253906,Cywee Accelerometer Sensor
1555918800873,3,-0.32080078,-9.03125,-2.0839844,Cywee Accelerometer Sensor
1555918800875,3,-1.0253906,0.24279785,0.8125,Cywee Linear Acceleration
1555918800876,5,-0.12243652,-0.7949219,0.5800781,0.1289104,0.0,Cywee Rotation Vector
1555918800876,3,-0.4284668,-9.2109375,-2.1132812,Cywee Accelerometer Sensor
1555918800877,3,0.6635742,-0.42578125,0.23339844,Cywee Gyroscope Sensor
1555918843368,3,-22.53125,-0.5839844,4.3476562,Cywee Accelerometer Sensor
1555918843369,3,4.8867188,-1.3505859,-1.3701172,Cywee Gyroscope Sensor
1555918843369,3,8.90625,33.375,8.6953125,Cywee Magnetic field Sensor
1555918843370,3,13.078125,4.3554688,-6.0664062,Cywee Linear Acceleration
1555918843370,5,-0.18017578,0.5522461,0.09979248,0.8078381,0.0,Cywee Rotation Vector
1555918843370,3,2.421875,2.1484375,-1.8144531,Cywee Accelerometer Sensor
1555918843371,3,-0.74902344,-0.09710693,0.1673584,Cywee Gyroscope Sensor
1555918843371,3,9.7734375,34.875,7.1992188,Cywee Magnetic field Sensor
1555918843371,3,7.75,1.1142578,1.2451172,Cywee Linear Acceleration
1555918843371,5,-0.2919922,0.5800781,0.2088623,0.73118156,0.0,Cywee Rotation Vector
1555918843372,3,-2.1679688,-1.1992188,2.1855469,Cywee Accelerometer Sensor
1555918843372,3,-3.28125,-0.038604736,0.87402344,Cywee Gyroscope Sensor
1555918843372,3,11.15625,24.6875,27.0,Cywee Magnetic field Sensor
1555918843373,3,-12.9609375,-1.1308594,-1.2646484,Cywee Linear Acceleration
1555918843373,5,-0.28515625,0.5463867,0.23376465,0.75199836,0.0,Cywee Rotation Vector
1555918843373,3,-25.09375,-2.75,2.4296875,Cywee Accelerometer Sensor
1555918843373,3,0.08276367,0.052886963,0.09503174,Cywee Gyroscope Sensor
1555918843374,3,11.5078125,26.796875,22.1875,Cywee Magnetic field Sensor
1555918843374,3,-0.9951172,-1.3457031,1.4414062,Cywee Linear Acceleration
1555918843374,5,-0.3227539,0.60058594,0.29003906,0.67156816,0.0,Cywee Rotation Vector
1555918843375,3,-8.953125,-1.9746094,2.296875,Cywee Accelerometer Sensor
1555918843375,3,-0.11193848,-0.13012695,0.13757324,Cywee Gyroscope Sensor
1555918843375,3,12.0234375,22.0,26.09375,Cywee Magnetic field Sensor
1555918843376,3,0.9658203,-0.70996094,0.4206543,Cywee Linear Acceleration
1555918843376,5,-0.30004883,0.5859375,0.27270508,0.7016266,0.0,Cywee Rotation Vector
1555918843376,3,-9.2890625,-1.5917969,1.2919922,Cywee Accelerometer Sensor
1555918843376,3,0.28588867,-0.46948242,0.12585449,Cywee Gyroscope Sensor
1555918843377,3,13.5859375,24.390625,22.796875,Cywee Magnetic field Sensor
1555918843378,3,0.5102539,0.17700195,-0.81103516,Cywee Linear Acceleration
1555918843379,5,-0.3244629,0.52783203,0.28833008,0.7300568,0.0,Cywee Rotation Vector
1555918843379,3,-9.125,-1.5507812,1.4003906,Cywee Accelerometer Sensor
1555918843380,3,-0.44384766,-0.6333008,-0.8520508,Cywee Gyroscope Sensor
1555918843380,3,13.5859375,24.09375,23.390625,Cywee Magnetic field Sensor
1555918843380,3,0.69140625,1.3369141,-0.5283203,Cywee Linear Acceleration
1555918843380,5,-0.35986328,0.48291016,0.26293945,0.75376326,0.0,Cywee Rotation Vector
1555918843381,3,-8.0703125,-1.5488281,2.2519531,Cywee Accelerometer Sensor
1555918843381,3,0.12634277,0.16455078,-0.16662598,Cywee Gyroscope Sensor
1555918843381,3,11.859375,26.796875,23.390625,Cywee Magnetic field Sensor
1555918843382,3,-0.013885498,0.5161133,0.3149414,Cywee Linear Acceleration
1555918843382,5,-0.34033203,0.52978516,0.2529297,0.734526,0.0,Cywee Rotation Vector
1555918843382,3,-9.4453125,-1.6347656,2.34375,Cywee Accelerometer Sensor
1555918843382,3,0.359375,0.60595703,0.60546875,Cywee Gyroscope Sensor
1555918843383,3,10.984375,27.6875,24.890625,Cywee Magnetic field Sensor
1555918843383,3,0.22497559,-0.4736328,0.50927734,Cywee Linear Acceleration
1555918843383,5,-0.30566406,0.57177734,0.2548828,0.7174085,0.0,Cywee Rotation Vector
1555918843384,3,-9.2578125,-1.9365234,2.1328125,Cywee Accelerometer Sensor
1555918843384,3,-0.13220215,0.080566406,0.06414795,Cywee Gyroscope Sensor
1555918843384,3,12.0234375,26.796875,23.6875,Cywee Magnetic field Sensor
1555918843385,3,0.35546875,-0.23327637,0.3227539,Cywee Linear Acceleration
1555918843385,5,-0.3112793,0.5629883,0.24682617,0.72472495,0.0,Cywee Rotation Vector
1555918843385,3,-9.0546875,-1.8525391,1.9248047,Cywee Accelerometer Sensor
1555918843386,3,0.14550781,-0.09283447,-0.22839355,Cywee Gyroscope Sensor
1555918843386,3,11.5078125,25.890625,23.390625,Cywee Magnetic field Sensor
1555918843386,3,0.031799316,0.23278809,-0.42260742,Cywee Linear Acceleration
1555918843386,5,-0.3330078,0.53759766,0.23449707,0.7383127,0.0,Cywee Rotation Vector
1555918843387,3,-9.2265625,-2.1230469,1.4550781,Cywee Accelerometer Sensor
1555918843393,3,-0.2746582,-0.04498291,-0.38916016,Cywee Gyroscope Sensor
1555918843393,3,10.46875,25.0,24.0,Cywee Magnetic field Sensor
1555918843394,3,-0.5385742,0.52246094,-0.31469727,Cywee Linear Acceleration
1555918843394,5,-0.33789062,0.54003906,0.21203613,0.7410995,0.0,Cywee Rotation Vector
1555918843395,3,-9.4609375,-2.1425781,1.5009766,Cywee Accelerometer Sensor
1555918843395,3,0.12213135,0.0050201416,-0.018814087,Cywee Gyroscope Sensor
1555918843395,3,9.4296875,27.09375,22.796875,Cywee Magnetic field Sensor
1555918843395,3,0.34350586,0.11639404,-0.2866211,Cywee Linear Acceleration
1555918843396,5,-0.32373047,0.5517578,0.20031738,0.7420477,0.0,Cywee Rotation Vector
1555918843396,3,-9.0078125,-2.4238281,1.5888672,Cywee Accelerometer Sensor
1555918843396,3,0.4934082,0.25073242,0.16101074,Cywee Gyroscope Sensor
1555918843397,3,9.4296875,28.59375,19.796875,Cywee Magnetic field Sensor
1555918843397,3,-0.07775879,-0.35327148,-0.03527832,Cywee Linear Acceleration
1555918843397,5,-0.2800293,0.5864258,0.17736816,0.73907304,0.0,Cywee Rotation Vector
1555918843398,3,-9.484375,-2.546875,1.8066406,Cywee Accelerometer Sensor
1555918843398,3,0.62646484,0.21459961,0.11206055,Cywee Gyroscope Sensor
1555918843398,3,9.2578125,30.390625,18.296875,Cywee Magnetic field Sensor
1555918843398,3,0.48364258,-0.046905518,-0.16552734,Cywee Linear Acceleration
1555918843399,5,-0.25439453,0.5961914,0.15588379,0.74534523,0.0,Cywee Rotation Vector
1555918843399,3,-8.7734375,-1.9003906,1.3574219,Cywee Accelerometer Sensor
1555918843399,3,-0.035339355,-0.13647461,-0.1060791,Cywee Gyroscope Sensor
1555918843400,3,8.734375,30.6875,18.59375,Cywee Magnetic field Sensor
1555918843400,3,1.3935547,1.0214844,-1.7734375,Cywee Linear Acceleration
1555918843400,5,-0.26538086,0.5830078,0.13623047,0.7557223,0.0,Cywee Rotation Vector
1555918843400,3,-7.921875,-1.0195312,-0.02154541,Cywee Accelerometer Sensor
1555918843401,3,0.40185547,0.14221191,-0.6015625,Cywee Gyroscope Sensor
1555918843401,3,5.6171875,33.6875,17.390625,Cywee Magnetic field Sensor
1555918843403,3,-1.0683594,0.18408203,-0.63671875,Cywee Linear Acceleration
1555918843417,5,-0.27612305,0.5864258,0.11987305,0.75199157,0.0,Cywee Rotation Vector
1555918843418,3,-10.9453125,-2.4335938,1.1699219,Cywee Accelerometer Sensor
1555918843418,3,-0.4970703,0.32421875,0.5332031,Cywee Gyroscope Sensor
1555918843419,3,6.65625,30.09375,19.1875,Cywee Magnetic field Sensor
1555918843419,3,-10.578125,-1.0117188,1.4384766,Cywee Linear Acceleration
1555918843419,5,-0.21838379,0.6616211,0.07159424,0.71375084,0.0,Cywee Rotation Vector
1555918843420,3,-21.125,-3.5878906,1.5751953,Cywee Accelerometer Sensor
1555918843420,3,0.5488281,0.30932617,0.39282227,Cywee Gyroscope Sensor
1555918843420,3,5.0976562,33.375,12.296875,Cywee Magnetic field Sensor
1555918843421,3,17.0,2.5761719,6.890625,Cywee Linear Acceleration
1555918843421,5,-0.124938965,0.72753906,-0.032348633,0.67381805,0.0,Cywee Rotation Vector
1555918843421,3,7.2304688,0.2512207,4.8242188,Cywee Accelerometer Sensor
1555918843422,3,1.6630859,0.52734375,0.17590332,Cywee Gyroscope Sensor
1555918843422,3,4.0585938,37.28125,-0.89990234,Cywee Magnetic field Sensor
1555918843422,3,7.5820312,3.1992188,3.4121094,Cywee Linear Acceleration
1555918843423,5,-0.09918213,0.7260742,0.011520386,0.6803282,0.0,Cywee Rotation Vector
1555918843423,3,-1.0146484,0.15795898,3.3457031,Cywee Accelerometer Sensor
1555918843423,3,-0.4897461,0.53271484,-0.34765625,Cywee Gyroscope Sensor
1555918843438,3,7.3476562,34.28125,7.796875,Cywee Magnetic field Sensor
1555918843439,3,-12.671875,-3.0371094,-5.1796875,Cywee Linear Acceleration
1555918843440,5,-0.22265625,0.67285156,0.15136719,0.68904495,0.0,Cywee Rotation Vector
1555918843440,3,-25.21875,-6.8828125,-1.6894531,Cywee Accelerometer Sensor
1555918843441,3,-3.0800781,-0.61328125,0.6376953,Cywee Gyroscope Sensor
1555918843443,3,9.078125,28.296875,24.0,Cywee Magnetic field Sensor
1555918843444,3,-0.7104492,-1.7773438,1.7724609,Cywee Linear Acceleration
1555918843448,5,-0.37939453,0.59472656,0.30517578,0.6397092,0.0,Cywee Rotation Vector
1555918843451,3,-7.8398438,-2.578125,2.4609375,Cywee Accelerometer Sensor
1555918843457,3,1.4257812,0.032684326,-0.2454834,Cywee Gyroscope Sensor
1555918843460,3,8.3828125,22.890625,28.796875,Cywee Magnetic field Sensor
1555918843462,3,1.2373047,-0.17028809,-0.67529297,Cywee Linear Acceleration
1555918843467,5,-0.2770996,0.5961914,0.20056152,0.7263241,0.0,Cywee Rotation Vector
1555918843469,3,-8.578125,-1.8837891,0.8305664,Cywee Accelerometer Sensor
1555918843471,3,1.015625,-0.5332031,-0.25610352,Cywee Gyroscope Sensor
1555918843472,3,9.9453125,29.1875,17.09375,Cywee Magnetic field Sensor
1555918843473,3,0.14001465,0.17407227,-1.7265625,Cywee Linear Acceleration
1555918843475,5,-0.22241211,0.57373047,0.14257812,0.7752662,0.0,Cywee Rotation Vector
1555918843477,3,-8.9921875,-1.5556641,0.60302734,Cywee Accelerometer Sensor
1555918843478,3,0.20507812,-0.55859375,-0.31347656,Cywee Gyroscope Sensor
1555918843479,3,10.296875,32.78125,14.6953125,Cywee Magnetic field Sensor
1555918843481,3,-0.19091797,0.15820312,-1.0126953,Cywee Linear Acceleration
1555918843482,5,-0.26391602,0.53808594,0.13269043,0.7894334,0.0,Cywee Rotation Vector
1555918843484,3,-9.0390625,-2.2949219,1.7255859,Cywee Accelerometer Sensor
1555918843485,3,0.31152344,0.2697754,-0.5253906,Cywee Gyroscope Sensor
1555918843487,3,7.0078125,32.1875,13.796875,Cywee Magnetic field Sensor
1555918843488,3,0.14550781,1.65625,0.1772461,Cywee Linear Acceleration
1555918843490,5,-0.23474121,0.56933594,0.07067871,0.7847023,0.0,Cywee Rotation Vector
1555918843491,3,-8.7578125,-1.2949219,2.4414062,Cywee Accelerometer Sensor
1555918843492,3,-0.18322754,0.23266602,0.16845703,Cywee Gyroscope Sensor
1555918843494,3,6.3085938,33.6875,11.3984375,Cywee Magnetic field Sensor
1555918843495,3,-0.20471191,0.029693604,0.5205078,Cywee Linear Acceleration
1555918843497,5,-0.24291992,0.5932617,0.11407471,0.7589581,0.0,Cywee Rotation Vector
1555918843498,3,-9.3984375,-2.1171875,2.203125,Cywee Accelerometer Sensor
1555918843500,3,0.036987305,0.28149414,0.3959961,Cywee Gyroscope Sensor
1555918843501,3,7.6992188,32.5,13.1953125,Cywee Magnetic field Sensor
1555918843503,3,4.3710938,0.64941406,0.79345703,Cywee Linear Acceleration
1555918843504,5,-0.19677734,0.62402344,0.103881836,0.7490541,0.0,Cywee Rotation Vector
1555918843506,3,-5.0429688,-0.66796875,1.8505859,Cywee Accelerometer Sensor
1555918843507,3,0.31030273,-0.1439209,0.040771484,Cywee Gyroscope Sensor
1555918843509,3,7.8671875,36.09375,12.296875,Cywee Magnetic field Sensor
1555918843510,3,-5.4804688,-1.2080078,-0.054138184,Cywee Linear Acceleration
1555918843511,5,-0.21044922,0.6015625,0.15881348,0.75406367,0.0,Cywee Rotation Vector
1555918843513,3,-14.9296875,-2.0058594,2.3867188,Cywee Accelerometer Sensor
1555918843514,3,-0.92041016,-0.25878906,-0.41992188,Cywee Gyroscope Sensor
1555918843516,3,10.46875,30.390625,18.0,Cywee Magnetic field Sensor
1555918843517,3,-11.4609375,-2.7226562,3.0742188,Cywee Linear Acceleration
1555918843519,5,-0.2998047,0.5776367,0.22937012,0.72376955,0.0,Cywee Rotation Vector
1555918843520,3,-16.859375,-4.6601562,3.9511719,Cywee Accelerometer Sensor
1555918843522,3,0.5102539,0.3720703,0.57373047,Cywee Gyroscope Sensor
1555918843523,3,12.1953125,27.390625,22.1875,Cywee Magnetic field Sensor
1555918843525,3,8.109375,3.6445312,-3.078125,Cywee Linear Acceleration
1555918843527,5,-0.26635742,0.5854492,0.1821289,0.74372846,0.0,Cywee Rotation Vector
1555918843528,3,-1.2617188,1.9296875,-1.4101562,Cywee Accelerometer Sensor
1555918843530,3,-1.1552734,-0.21520996,-0.5263672,Cywee Gyroscope Sensor
1555918843531,3,10.8125,28.890625,20.390625,Cywee Magnetic field Sensor
1555918843533,3,6.5585938,3.0332031,0.23864746,Cywee Linear Acceleration
1555918843534,5,-0.31762695,0.5566406,0.17590332,0.7472097,0.0,Cywee Rotation Vector
1555918843536,3,-4.796875,0.035888672,1.6513672,Cywee Accelerometer Sensor
1555918843537,3,-0.6479492,-0.8154297,-0.82421875,Cywee Gyroscope Sensor
1555918843538,3,7.8671875,29.1875,22.5,Cywee Magnetic field Sensor
1555918843540,3,-4.140625,-4.5859375,1.6269531,Cywee Linear Acceleration
1555918843541,5,-0.38330078,0.5366211,0.27661133,0.6990025,0.0,Cywee Rotation Vector
1555918843543,3,-10.75,-5.5664062,3.453125,Cywee Accelerometer Sensor
1555918843544,3,0.08276367,0.5878906,1.0458984,Cywee Gyroscope Sensor
1555918843546,3,10.46875,21.390625,28.796875,Cywee Magnetic field Sensor
1555918843554,3,2.2519531,-1.2099609,0.3400879,Cywee Linear Acceleration
1555918843555,5,-0.27368164,0.6010742,0.21765137,0.71863484,0.0,Cywee Rotation Vector
1555918843555,3,-7.8710938,-3.0292969,1.390625,Cywee Accelerometer Sensor
1555918843556,3,0.8378906,-0.13220215,-0.16882324,Cywee Gyroscope Sensor
1555918843556,3,10.1171875,28.296875,21.0,Cywee Magnetic field Sensor
1555918843557,3,-0.44018555,-0.94677734,-1.3017578,Cywee Linear Acceleration
1555918843561,5,-0.19946289,0.6040039,0.1262207,0.76122415,0.0,Cywee Rotation Vector
1555918843562,3,-9.4375,-2.1640625,0.60058594,Cywee Accelerometer Sensor
1555918843564,3,1.4716797,-0.27783203,-1.0634766,Cywee Gyroscope Sensor
1555918843566,3,7.8671875,36.375,9.8984375,Cywee Magnetic field Sensor
1555918843618,3,-0.40722656,1.4140625,-1.4443359,Cywee Linear Acceleration
1555918843619,5,-0.2076416,0.5605469,-0.01737976,0.80147994,0.0,Cywee Rotation Vector
1555918843619,3,-8.75,-2.0898438,1.4619141,Cywee Accelerometer Sensor
1555918843620,3,0.03378296,-0.1194458,-1.0859375,Cywee Gyroscope Sensor
1555918843620,3,-0.2697754,36.375,5.3984375,Cywee Magnetic field Sensor
1555918843620,3,0.11029053,2.0605469,-0.72558594,Cywee Linear Acceleration
1555918843621,5,-0.20861816,0.5605469,-0.084106445,0.7969892,0.0,Cywee Rotation Vector
1555918843621,3,-8.2890625,-2.0292969,2.0429688,Cywee Accelerometer Sensor
1555918843621,3,0.5058594,0.52197266,0.46313477,Cywee Gyroscope Sensor
1555918843622,3,-2.1699219,36.6875,2.6992188,Cywee Magnetic field Sensor
1555918843622,3,-0.4777832,0.16894531,0.81933594,Cywee Linear Acceleration
1555918843622,5,-0.08935547,0.62890625,-0.049224854,0.770759,0.0,Cywee Rotation Vector
1555918843622,3,-9.8125,-1.6445312,2.53125,Cywee Accelerometer Sensor
1555918843623,3,-0.066223145,0.4465332,1.2060547,Cywee Gyroscope Sensor
1555918843623,3,6.4882812,35.78125,-0.89990234,Cywee Magnetic field Sensor
1555918843623,3,0.23950195,-1.9492188,0.73828125,Cywee Linear Acceleration
1555918843624,5,-0.06201172,0.65234375,0.03503418,0.7545693,0.0,Cywee Rotation Vector
1555918843624,3,-9.453125,-2.375,2.1425781,Cywee Accelerometer Sensor
1555918843625,3,-0.14807129,0.13903809,0.48876953,Cywee Gyroscope Sensor
1555918843625,3,12.0234375,34.28125,1.5,Cywee Magnetic field Sensor
1555918843625,3,0.24023438,-1.2236328,0.11932373,Cywee Linear Acceleration
1555918843625,5,-0.08630371,0.63427734,0.052246094,0.7664948,0.0,Cywee Rotation Vector
1555918843626,3,-9.203125,-1.8427734,1.8720703,Cywee Accelerometer Sensor
1555918843626,3,-0.59472656,-0.30981445,-0.53271484,Cywee Gyroscope Sensor
1555918843626,3,12.1953125,33.6875,4.796875,Cywee Magnetic field Sensor
1555918843627,3,-0.20043945,0.60253906,-0.105773926,Cywee Linear Acceleration
1555918843627,5,-0.17028809,0.6020508,0.032928467,0.7793924,0.0,Cywee Rotation Vector
1555918843627,3,-9.390625,-1.5029297,2.0488281,Cywee Accelerometer Sensor
1555918843632,3,0.18273926,-0.12371826,-0.8359375,Cywee Gyroscope Sensor
1555918843632,3,4.2265625,36.09375,7.1992188,Cywee Magnetic field Sensor
1555918843632,3,0.88671875,1.3837891,-0.36816406,Cywee Linear Acceleration
1555918843633,5,-0.18322754,0.59521484,-0.042877197,0.78122246,0.0,Cywee Rotation Vector
1555918843633,3,-7.671875,-1.9248047,1.6923828,Cywee Accelerometer Sensor
1555918843633,3,0.515625,0.23803711,-0.3305664,Cywee Gyroscope Sensor
1555918843634,3,1.1191406,36.6875,6.0,Cywee Magnetic field Sensor
1555918843634,3,1.9648438,1.7167969,-1.1328125,Cywee Linear Acceleration
1555918843635,5,-0.13122559,0.6074219,-0.08996582,0.7782832,0.0,Cywee Rotation Vector
1555918843635,3,-7.0195312,-1.4404297,1.2353516,Cywee Accelerometer Sensor
1555918843635,3,0.11785889,-0.036468506,0.40356445,Cywee Gyroscope Sensor
1555918843635,3,2.1582031,36.09375,0.5996094,Cywee Magnetic field Sensor
1555918843636,3,-6.234375,-4.2773438,2.0195312,Cywee Linear Acceleration
1555918843636,5,-0.16149902,0.60595703,-0.021942139,0.77862227,0.0,Cywee Rotation Vector
1555918843636,3,-15.296875,-6.9296875,4.0976562,Cywee Accelerometer Sensor
1555918843637,3,-0.8886719,-0.14709473,-0.3527832,Cywee Gyroscope Sensor
1555918843637,3,2.328125,35.5,6.296875,Cywee Magnetic field Sensor
1555918843637,3,-3.3691406,-2.2714844,2.0292969,Cywee Linear Acceleration
1555918843637,5,-0.13061523,0.6152344,-0.08203125,0.7731088,0.0,Cywee Rotation Vector
1555918843638,3,-7.3476562,-1.1435547,0.5576172,Cywee Accelerometer Sensor
1555918843638,3,2.6171875,0.63671875,1.0449219,Cywee Gyroscope Sensor
1555918843638,3,4.40625,38.5,-6.8984375,Cywee Magnetic field Sensor
1555918843639,3,8.0078125,2.8964844,-7.3984375,Cywee Linear Acceleration
1555918843639,5,0.06732178,0.55126953,-0.2310791,0.7988568,0.0,Cywee Rotation Vector
1555918843639,3,-0.30395508,0.60546875,-2.4628906,Cywee Accelerometer Sensor
1555918843639,3,-1.8164062,-1.1357422,0.010971069,Cywee Gyroscope Sensor
1555918843640,3,1.8095703,34.59375,-18.59375,Cywee Magnetic field Sensor
1555918843640,3,6.8945312,1.3320312,-4.515625,Cywee Linear Acceleration
1555918843641,5,-0.10266113,0.515625,-0.15771484,0.8358933,0.0,Cywee Rotation Vector
1555918843642,3,-4.375,-1.9599609,1.0986328,Cywee Accelerometer Sensor
1555918843642,3,-0.39379883,-0.027954102,0.27148438,Cywee Gyroscope Sensor
1555918843642,3,-1.1298828,37.59375,-6.296875,Cywee Magnetic field Sensor
1555918843643,3,-9.71875,-1.7988281,1.9609375,Cywee Linear Acceleration
1555918843643,5,-0.12548828,0.6220703,-0.047454834,0.7713814,0.0,Cywee Rotation Vector
1555918843643,3,-16.46875,-2.2519531,3.125,Cywee Accelerometer Sensor
1555918843644,3,2.2265625,1.015625,1.2021484,Cywee Gyroscope Sensor
1555918843644,3,6.1367188,35.1875,0.2998047,Cywee Magnetic field Sensor
1555918843645,3,2.7089844,-2.6679688,2.5429688,Cywee Linear Acceleration
1555918843645,5,-0.05215454,0.68847656,-0.0020332336,0.72337806,0.0,Cywee Rotation Vector
1555918843648,3,-8.2578125,-3.5761719,2.7109375,Cywee Accelerometer Sensor
1555918843650,3,-0.49829102,0.73046875,1.3505859,Cywee Gyroscope Sensor
1555918843654,3,12.0234375,33.6875,3.2988281,Cywee Magnetic field Sensor
1555918843655,3,0.117370605,-2.5449219,1.2744141,Cywee Linear Acceleration
1555918843657,5,0.012130737,0.6821289,0.032989502,0.7303867,0.0,Cywee Rotation Vector
1555918843658,3,-9.4765625,-2.0605469,1.7929688,Cywee Accelerometer Sensor
1555918843659,3,0.31030273,-1.0908203,-1.0878906,Cywee Gyroscope Sensor
1555918843661,3,13.7578125,33.09375,-0.89990234,Cywee Magnetic field Sensor
1555918843662,3,-0.101745605,0.65625,-1.3896484,Cywee Linear Acceleration
1555918843664,5,-0.019439697,0.6015625,-0.09576416,0.79282653,0.0,Cywee Rotation Vector
1555918843665,3,-9.1328125,-0.8544922,1.2158203,Cywee Accelerometer Sensor
1555918843667,3,-0.10131836,-0.7036133,-0.9765625,Cywee Gyroscope Sensor
1555918843668,3,4.2265625,35.5,-9.0,Cywee Magnetic field Sensor
1555918843670,3,0.0982666,1.1972656,-0.87402344,Cywee Linear Acceleration
1555918843672,5,-0.033569336,0.6035156,-0.15783691,0.7808518,0.0,Cywee Rotation Vector
1555918843673,3,-8.9140625,-0.9428711,1.8164062,Cywee Accelerometer Sensor
1555918843674,3,0.75390625,0.32421875,-0.2878418,Cywee Gyroscope Sensor
1555918843676,3,0.25,35.5,-12.296875,Cywee Magnetic field Sensor
1555918843677,3,0.017318726,0.22143555,0.31689453,Cywee Linear Acceleration
1555918843679,5,-0.00737381,0.6333008,-0.1538086,0.75843173,0.0,Cywee Rotation Vector
1555918843680,3,-9.3125,-1.8144531,2.2324219,Cywee Accelerometer Sensor
1555918843682,3,-0.11621094,0.43164062,0.64160156,Cywee Gyroscope Sensor
1555918843683,3,3.5390625,35.1875,-10.1953125,Cywee Magnetic field Sensor
1555918843684,3,0.18115234,-0.62597656,0.71240234,Cywee Linear Acceleration
1555918843686,5,0.004966736,0.6508789,-0.10333252,0.75209993,0.0,Cywee Rotation Vector
1555918843687,3,-9.25,-1.7783203,2.1464844,Cywee Accelerometer Sensor
1555918843689,3,-0.36938477,0.14648438,0.3642578,Cywee Gyroscope Sensor
1555918843690,3,7.0078125,35.5,-5.3984375,Cywee Magnetic field Sensor
1555918843691,3,1.515625,-0.35107422,0.19641113,Cywee Linear Acceleration
1555918843693,5,0.017791748,0.6513672,-0.07409668,0.75492644,0.0,Cywee Rotation Vector
1555918843694,3,-7.28125,-0.6699219,1.5537109,Cywee Accelerometer Sensor
1555918843696,3,-0.14709473,0.09436035,0.23120117,Cywee Gyroscope Sensor
1555918843697,3,9.7734375,36.09375,-6.0,Cywee Magnetic field Sensor
1555918843699,3,-1.9521484,-0.30004883,-0.23522949,Cywee Linear Acceleration
1555918843700,5,0.03540039,0.66552734,-0.068115234,0.7424153,0.0,Cywee Rotation Vector
1555918843701,3,-12.625,-0.8017578,0.49780273,Cywee Accelerometer Sensor
1555918843702,3,0.14758301,-0.087524414,0.06732178,Cywee Gyroscope Sensor
1555918843704,3,10.46875,34.0,-3.5996094,Cywee Magnetic field Sensor
1555918843705,3,-3.4550781,-0.79296875,-0.014183044,Cywee Linear Acceleration
1555918843707,5,-0.013633728,0.64501953,-0.078552246,0.7599957,0.0,Cywee Rotation Vector
1555918843708,3,-13.9375,-2.7890625,1.5917969,Cywee Accelerometer Sensor
1555918843709,3,-1.2050781,-0.26513672,-0.47631836,Cywee Gyroscope Sensor
1555918843711,3,7.1796875,35.1875,0.2998047,Cywee Magnetic field Sensor
1555918843712,3,10.40625,2.6914062,-2.3476562,Cywee Linear Acceleration
1555918843713,5,-0.007083893,0.66064453,-0.04159546,0.74951214,0.0,Cywee Rotation Vector
1555918843715,3,1.3212891,2.5390625,-1.4267578,Cywee Accelerometer Sensor
1555918843716,3,2.4316406,-0.52783203,0.02267456,Cywee Gyroscope Sensor
1555918843717,3,10.8125,34.28125,-10.1953125,Cywee Magnetic field Sensor
1555918843719,3,8.015625,1.8330078,-1.2871094,Cywee Linear Acceleration
1555918843720,5,-0.0135650635,0.6176758,-0.08734131,0.78145003,0.0,Cywee Rotation Vector
1555918843722,3,-1.3544922,1.1201172,1.5439453,Cywee Accelerometer Sensor
1555918843723,3,-0.82666016,-0.40356445,-0.44213867,Cywee Gyroscope Sensor
1555918843724,3,5.7890625,37.0,-4.5,Cywee Magnetic field Sensor
1555918843726,3,-4.7578125,-0.27612305,-1.5605469,Cywee Linear Acceleration
1555918843727,5,-0.14672852,0.56152344,-0.013710022,0.8142323,0.0,Cywee Rotation Vector
1555918843728,3,-22.25,-3.2089844,3.421875,Cywee Accelerometer Sensor
1555918843730,3,-0.117248535,-0.12792969,0.12902832,Cywee Gyroscope Sensor
1555918843731,3,5.6171875,35.5,6.5976562,Cywee Magnetic field Sensor
1555918843732,3,-1.7177734,-2.578125,2.28125,Cywee Linear Acceleration
1555918843734,5,-0.20153809,0.64697266,0.118652344,0.72576195,0.0,Cywee Rotation Vector
1555918843735,3,-9.0,-3.4648438,3.4941406,Cywee Accelerometer Sensor
1555918843736,3,-0.066223145,0.6201172,0.9091797,Cywee Gyroscope Sensor
1555918843738,3,10.984375,30.09375,16.5,Cywee Magnetic field Sensor
1555918843739,3,0.61279297,-2.4550781,2.0527344,Cywee Linear Acceleration
1555918843741,5,-0.16271973,0.6743164,0.14709473,0.7051119,0.0,Cywee Rotation Vector
1555918843742,3,-8.8828125,-2.4511719,2.0507812,Cywee Accelerometer Sensor
1555918843743,3,0.61865234,-0.29174805,0.14929199,Cywee Gyroscope Sensor
1555918843748,3,12.3671875,29.5,14.6953125,Cywee Magnetic field Sensor
1555918843750,3,-5.125,-1.5498047,0.1772461,Cywee Linear Acceleration
1555918843753,5,-0.13195801,0.6430664,0.06726074,0.75135124,0.0,Cywee Rotation Vector
1555918843754,3,-11.6640625,-2.4316406,0.8256836,Cywee Accelerometer Sensor
1555918843756,3,-0.28637695,-0.9633789,-0.45288086,Cywee Gyroscope Sensor
1555918843757,3,8.734375,34.28125,10.1953125,Cywee Magnetic field Sensor
1555918843759,3,0.008148193,0.66015625,-1.3603516,Cywee Linear Acceleration
1555918843761,5,-0.20410156,0.5698242,0.0026950836,0.79601234,0.0,Cywee Rotation Vector
1555918843762,3,-8.6328125,-2.3671875,1.2207031,Cywee Accelerometer Sensor
1555918843763,3,0.6699219,-0.04498291,-1.0859375,Cywee Gyroscope Sensor
1555918843764,3,1.4599609,35.1875,8.3984375,Cywee Magnetic field Sensor
1555918843765,3,0.17272949,1.3183594,-0.82714844,Cywee Linear Acceleration
1555918843765,5,-0.17651367,0.5859375,-0.05819702,0.7887542,0.0,Cywee Rotation Vector
1555918843766,3,-8.4609375,-1.9912109,1.9169922,Cywee Accelerometer Sensor
1555918843767,3,0.38476562,0.48388672,0.18115234,Cywee Gyroscope Sensor
1555918843767,3,-0.2697754,36.375,4.1992188,Cywee Magnetic field Sensor
1555918843768,3,-0.36499023,0.23815918,0.6640625,Cywee Linear Acceleration
1555918843768,5,-0.11779785,0.63378906,-0.04144287,0.7633594,0.0,Cywee Rotation Vector
1555918843769,3,-9.7265625,-2.0039062,2.3378906,Cywee Accelerometer Sensor
1555918843770,3,0.2529297,0.47631836,0.70166016,Cywee Gyroscope Sensor
1555918843770,3,5.4492188,35.78125,3.2988281,Cywee Magnetic field Sensor
1555918843771,3,-0.07763672,-0.76708984,0.55322266,Cywee Linear Acceleration
1555918843771,5,-0.06365967,0.6489258,-0.03829956,0.75721586,0.0,Cywee Rotation Vector
1555918843772,3,-9.6640625,-2.2128906,2.1035156,Cywee Accelerometer Sensor
1555918843773,3,0.09552002,0.18798828,0.40356445,Cywee Gyroscope Sensor
1555918843773,3,8.21875,34.875,1.5,Cywee Magnetic field Sensor
1555918843774,3,4.6640625,-0.6582031,-0.2524414,Cywee Linear Acceleration
1555918843775,5,-0.057434082,0.64697266,-0.002954483,0.76034135,0.0,Cywee Rotation Vector
1555918843775,3,-3.5488281,-1.5029297,1.3115234,Cywee Accelerometer Sensor
1555918843776,3,-0.54052734,-0.30566406,-0.15075684,Cywee Gyroscope Sensor
1555918843776,3,9.078125,34.0,3.5996094,Cywee Magnetic field Sensor
1555918843778,3,-4.59375,0.71777344,0.011604309,Cywee Linear Acceleration
1555918843779,5,-0.14575195,0.6098633,-0.0034503937,0.7789809,0.0,Cywee Rotation Vector
1555918843779,3,-15.3203125,-2.3828125,1.6201172,Cywee Accelerometer Sensor
1555918843780,3,-3.5703125,-0.20776367,0.09185791,Cywee Gyroscope Sensor
1555918843780,3,4.2265625,32.5,18.0,Cywee Magnetic field Sensor
1555918843781,3,-15.109375,-5.6289062,2.8144531,Cywee Linear Acceleration
1555918843782,5,-0.36401367,0.60058594,0.24328613,0.66903096,0.0,Cywee Rotation Vector
1555918843782,3,-14.765625,-3.0820312,2.0859375,Cywee Accelerometer Sensor
1555918843783,3,1.2753906,-0.0769043,1.4375,Cywee Gyroscope Sensor
1555918843784,3,10.46875,22.59375,30.59375,Cywee Magnetic field Sensor
1555918843785,3,8.0,1.0859375,0.6401367,Cywee Linear Acceleration
1555918843785,5,-0.2788086,0.6147461,0.22363281,0.7030941,0.0,Cywee Rotation Vector
1555918843786,3,-1.8261719,0.9477539,1.0625,Cywee Accelerometer Sensor
1555918843786,3,0.48706055,-0.2993164,-0.87646484,Cywee Gyroscope Sensor
1555918843787,3,11.15625,26.1875,23.390625,Cywee Magnetic field Sensor
1555918843788,3,8.2109375,1.3710938,-0.7558594,Cywee Linear Acceleration
1555918843788,5,-0.24645996,0.5942383,0.1439209,0.7519476,0.0,Cywee Rotation Vector
1555918843828,3,-2.2421875,-0.7324219,0.6699219,Cywee Accelerometer Sensor
1555918843829,3,0.6508789,-0.484375,-0.30273438,Cywee Gyroscope Sensor
1555918843829,3,9.2578125,28.890625,17.09375,Cywee Magnetic field Sensor
1555918843830,3,-3.7949219,-3.4199219,1.8789062,Cywee Linear Acceleration
1555918843830,5,-0.3347168,0.59228516,0.18017578,0.71042216,0.0,Cywee Rotation Vector
1555918843831,3,-7.4960938,-2.4121094,-0.296875,Cywee Accelerometer Sensor
1555918843831,3,-0.9472656,0.72216797,1.5527344,Cywee Gyroscope Sensor
1555918843831,3,8.21875,22.59375,26.6875,Cywee Magnetic field Sensor
1555918843832,3,-1.9501953,-2.8203125,2.9433594,Cywee Linear Acceleration
1555918843832,5,-0.23791504,0.6791992,0.21716309,0.6594885,0.0,Cywee Rotation Vector
1555918843833,3,-13.453125,-2.6679688,2.6484375,Cywee Accelerometer Sensor
1555918843833,3,0.47314453,-0.21203613,1.0644531,Cywee Gyroscope Sensor
1555918843833,3,12.3671875,25.296875,24.296875,Cywee Magnetic field Sensor
1555918843834,3,-0.01940918,-1.1123047,0.34594727,Cywee Linear Acceleration
1555918843834,5,-0.2076416,0.63964844,0.18017578,0.71782416,0.0,Cywee Rotation Vector
1555918843835,3,-9.9453125,-1.7734375,1.2373047,Cywee Accelerometer Sensor
1555918843835,3,0.70703125,-1.1533203,-1.0166016,Cywee Gyroscope Sensor
1555918843836,3,11.5078125,28.890625,18.59375,Cywee Magnetic field Sensor
1555918843836,3,-0.8935547,0.2775879,-1.9941406,Cywee Linear Acceleration
1555918843836,5,-0.25585938,0.5385742,0.13085938,0.79205406,0.0,Cywee Rotation Vector
1555918843837,3,-9.7421875,-2.2558594,0.7324219,Cywee Accelerometer Sensor
1555918843837,3,0.048706055,-0.6503906,-1.2460938,Cywee Gyroscope Sensor
1555918843838,3,7.3476562,31.890625,17.390625,Cywee Magnetic field Sensor
1555918843838,3,-0.12030029,2.0722656,-2.4980469,Cywee Linear Acceleration
1555918843838,5,-0.2783203,0.48828125,0.03390503,0.82641983,0.0,Cywee Rotation Vector
1555918843839,3,-8.2109375,-2.1757812,1.1416016,Cywee Accelerometer Sensor
1555918843839,3,0.31689453,0.31884766,-0.43481445,Cywee Gyroscope Sensor
1555918843840,3,2.328125,33.6875,14.09375,Cywee Magnetic field Sensor
1555918843840,3,-0.23486328,1.9941406,0.63427734,Cywee Linear Acceleration
1555918843840,5,-0.22717285,0.54248047,0.0074882507,0.8087344,0.0,Cywee Rotation Vector
1555918843841,3,-8.7265625,-1.3525391,4.03125,Cywee Accelerometer Sensor
1555918843841,3,0.19018555,0.60498047,1.1259766,Cywee Gyroscope Sensor
1555918843842,3,4.40625,34.0,11.09375,Cywee Magnetic field Sensor
1555918843842,3,-0.23876953,-0.8876953,0.88378906,Cywee Linear Acceleration
1555918843842,5,-0.17041016,0.60546875,0.11883545,0.7682747,0.0,Cywee Rotation Vector
1555918843843,3,-9.4765625,-2.0097656,2.7519531,Cywee Accelerometer Sensor
1555918843843,3,-0.39501953,0.26879883,1.1601562,Cywee Gyroscope Sensor
1555918843844,3,13.234375,30.09375,16.1875,Cywee Magnetic field Sensor
1555918843844,3,-0.0501709,-1.9316406,0.5957031,Cywee Linear Acceleration
1555918843845,5,-0.17346191,0.62109375,0.18554688,0.741435,0.0,Cywee Rotation Vector
1555918843845,3,-9.171875,-2.125,2.1523438,Cywee Accelerometer Sensor
1555918843846,3,-0.49926758,0.049713135,-0.20178223,Cywee Gyroscope Sensor
1555918843846,3,14.109375,28.0,18.890625,Cywee Magnetic field Sensor
1555918843847,3,0.26416016,-0.78515625,0.32055664,Cywee Linear Acceleration
1555918843847,5,-0.22851562,0.59716797,0.16967773,0.7499203,0.0,Cywee Rotation Vector
1555918843848,3,-8.828125,-2.1289062,2.0292969,Cywee Accelerometer Sensor
1555918843848,3,0.22631836,0.090148926,-0.6166992,Cywee Gyroscope Sensor
1555918843848,3,9.7734375,28.59375,18.59375,Cywee Magnetic field Sensor
1555918843849,3,-0.19470215,0.2800293,-0.8486328,Cywee Linear Acceleration
1555918843849,5,-0.22290039,0.57910156,0.10723877,0.7768247,0.0,Cywee Rotation Vector
1555918843850,3,-9.34375,-2.0,1.5537109,Cywee Accelerometer Sensor
1555918843850,3,0.24768066,-0.22375488,-0.42944336,Cywee Gyroscope Sensor
1555918843851,3,7.5273438,31.890625,17.09375,Cywee Magnetic field Sensor
1555918843851,3,-0.5576172,0.38916016,-1.9501953,Cywee Linear Acceleration
1555918843852,5,-0.20117188,0.5654297,0.07702637,0.79616964,0.0,Cywee Rotation Vector
1555918843852,3,-9.3828125,-1.8984375,0.7348633,Cywee Accelerometer Sensor
1555918843852,3,0.32104492,-0.25561523,-0.028396606,Cywee Gyroscope Sensor
1555918843853,3,8.0390625,34.875,12.0,Cywee Magnetic field Sensor
1555918843853,3,0.27563477,-0.20825195,-1.3359375,Cywee Linear Acceleration
1555918843854,5,-0.20788574,0.5810547,0.095947266,0.78099495,0.0,Cywee Rotation Vector
1555918843854,3,-8.7890625,-2.1132812,1.0869141,Cywee Accelerometer Sensor
1555918843855,3,0.43164062,0.25170898,-0.026260376,Cywee Gyroscope Sensor
1555918843855,3,8.21875,33.09375,9.8984375,Cywee Magnetic field Sensor
1555918843856,3,0.39941406,0.5805664,-0.31420898,Cywee Linear Acceleration
1555918843856,5,-0.1973877,0.6010742,0.06506348,0.771696,0.0,Cywee Rotation Vector
1555918843856,3,-9.5,-1.5917969,1.7900391,Cywee Accelerometer Sensor
1555918843857,3,-0.15234375,0.13696289,-0.16345215,Cywee Gyroscope Sensor
1555918843857,3,6.65625,34.28125,7.796875,Cywee Magnetic field Sensor
1555918843857,3,-0.19348145,0.9472656,2.1640625,Cywee Linear Acceleration
1555918843858,5,-0.24267578,0.59375,0.084106445,0.7625585,0.0,Cywee Rotation Vector
1555918843858,3,-8.609375,-1.6298828,3.8222656,Cywee Accelerometer Sensor
1555918843859,3,-0.31933594,0.08905029,-0.19543457,Cywee Gyroscope Sensor
1555918843859,3,5.4492188,32.78125,12.8984375,Cywee Magnetic field Sensor
1555918843859,3,0.859375,0.08569336,1.0283203,Cywee Linear Acceleration
1555918843860,5,-0.25048828,0.6123047,0.123168945,0.73970807,0.0,Cywee Rotation Vector
1555918843860,3,-9.03125,-2.0,2.2167969,Cywee Accelerometer Sensor
1555918843860,3,-0.4790039,0.46044922,0.87402344,Cywee Gyroscope Sensor
1555918843861,3,8.21875,31.0,17.09375,Cywee Magnetic field Sensor
1555918843861,3,-0.01348114,-0.7270508,1.0878906,Cywee Linear Acceleration
1555918843861,5,-0.24475098,0.6298828,0.16772461,0.71778345,0.0,Cywee Rotation Vector
1555918843861,3,-9.5625,-2.1542969,1.9072266,Cywee Accelerometer Sensor
1555918843862,3,-0.22680664,-0.06304932,-0.3305664,Cywee Gyroscope Sensor
1555918843862,3,8.734375,32.5,19.796875,Cywee Magnetic field Sensor
1555918843862,3,-0.07354736,0.17211914,-0.64404297,Cywee Linear Acceleration
1555918843863,5,-0.27441406,0.58740234,0.17053223,0.74200684,0.0,Cywee Rotation Vector
1555918843863,3,-9.546875,-1.9433594,0.8378906,Cywee Accelerometer Sensor
1555918843863,3,-0.7597656,-0.8461914,-0.34326172,Cywee Gyroscope Sensor
1555918843864,3,9.59375,29.1875,22.5,Cywee Magnetic field Sensor
1555918843865,3,0.23583984,0.25512695,-1.9199219,Cywee Linear Acceleration
1555918843866,5,-0.33203125,0.51171875,0.20593262,0.7651738,0.0,Cywee Rotation Vector
1555918843866,3,-8.609375,-2.5566406,0.60058594,Cywee Accelerometer Sensor
1555918843867,3,-0.023651123,-0.20458984,-0.1496582,Cywee Gyroscope Sensor
1555918843867,3,11.15625,25.890625,22.1875,Cywee Magnetic field Sensor
1555918843868,3,0.27319336,0.31323242,-0.23706055,Cywee Linear Acceleration
1555918843868,5,-0.32299805,0.5292969,0.21887207,0.7534004,0.0,Cywee Rotation Vector
1555918843868,3,-8.8203125,-1.8525391,2.3554688,Cywee Accelerometer Sensor
1555918843869,3,-0.13110352,0.18054199,0.51953125,Cywee Gyroscope Sensor
1555918843869,3,12.546875,26.796875,22.796875,Cywee Magnetic field Sensor
1555918843870,3,0.119628906,-0.9980469,1.0,Cywee Linear Acceleration
1555918843870,5,-0.31982422,0.55126953,0.27978516,0.7180074,0.0,Cywee Rotation Vector
1555918843871,3,-9.0078125,-2.1484375,2.6484375,Cywee Accelerometer Sensor
1555918843871,3,0.30078125,0.040130615,0.24719238,Cywee Gyroscope Sensor
1555918843871,3,15.3125,23.1875,25.1875,Cywee Magnetic field Sensor
1555918843872,3,0.57910156,-0.8676758,0.39404297,Cywee Linear Acceleration
1555918843872,5,-0.3137207,0.5527344,0.28149414,0.71890545,0.0,Cywee Rotation Vector
1555918843873,3,-8.5,-2.3671875,2.0644531,Cywee Accelerometer Sensor
1555918843873,3,-0.42895508,0.18273926,0.10888672,Cywee Gyroscope Sensor
1555918843874,3,15.8359375,21.6875,26.6875,Cywee Magnetic field Sensor
1555918843874,3,0.55371094,-0.123413086,0.2208252,Cywee Linear Acceleration
1555918843875,5,-0.32788086,0.5541992,0.2915039,0.70737743,0.0,Cywee Rotation Vector
1555918843875,3,-8.8671875,-1.6757812,1.9794922,Cywee Accelerometer Sensor
1555918843876,3,-0.3684082,-0.13220215,-0.38793945,Cywee Gyroscope Sensor
1555918843876,3,15.6640625,20.1875,28.1875,Cywee Magnetic field Sensor
1555918843877,3,0.5415039,0.3581543,0.16882324,Cywee Linear Acceleration
1555918843877,5,-0.34716797,0.5263672,0.2692871,0.72793984,0.0,Cywee Rotation Vector
1555918843878,3,-8.5703125,-1.6513672,2.2285156,Cywee Accelerometer Sensor
1555918843878,3,0.2849121,-0.11517334,-0.33374023,Cywee Gyroscope Sensor
1555918843879,1,566.0,Cywee Step Counter
1555918843879,3,14.796875,23.5,26.6875,Cywee Magnetic field Sensor
1555918843880,3,0.9394531,0.21472168,0.62353516,Cywee Linear Acceleration
1555918843880,5,-0.3317871,0.53271484,0.24084473,0.7403554,0.0,Cywee Rotation Vector
1555918843881,3,-8.3359375,-1.9814453,2.5917969,Cywee Accelerometer Sensor
1555918843881,3,0.5253906,0.2783203,0.38867188,Cywee Gyroscope Sensor
1555918843882,3,15.484375,22.890625,25.5,Cywee Magnetic field Sensor
1555918843882,3,0.1899414,-0.91748047,0.28588867,Cywee Linear Acceleration
1555918843883,5,-0.2685547,0.57958984,0.22839355,0.7347043,0.0,Cywee Rotation Vector
1555918843883,3,-11.2109375,-2.1152344,1.9550781,Cywee Accelerometer Sensor
1555918843883,3,0.8125,0.50927734,0.28320312,Cywee Gyroscope Sensor
1555918843885,3,14.4453125,25.59375,22.5,Cywee Magnetic field Sensor
1555918843916,3,0.50097656,-0.8540039,-0.92333984,Cywee Linear Acceleration
1555918843916,5,-0.23352051,0.6015625,0.20227051,0.73666644,0.0,Cywee Rotation Vector
1555918843917,3,-9.0,-1.8808594,0.72021484,Cywee Accelerometer Sensor
1555918843917,3,0.29223633,-0.20239258,-0.7167969,Cywee Gyroscope Sensor
1555918843965,3,13.9296875,28.296875,20.390625,Cywee Magnetic field Sensor
1555918849294,3,0.9038086,0.41381836,-1.8613281,Cywee Linear Acceleration
1555918849295,5,-0.25073242,0.5629883,0.13269043,0.7762543,0.0,Cywee Rotation Vector
1555918849295,3,-7.890625,-1.8955078,0.40454102,Cywee Accelerometer Sensor
1555918849295,3,0.16040039,-0.37695312,-0.8027344,Cywee Gyroscope Sensor
1555918849296,3,9.59375,29.1875,17.09375,Cywee Magnetic field Sensor
1555918849296,3,0.41748047,1.6367188,-2.6914062,Cywee Linear Acceleration
1555918849296,5,-0.26342773,0.5258789,0.066711426,0.8059819,0.0,Cywee Rotation Vector
1555918849297,3,-9.59375,-2.0488281,0.39501953,Cywee Accelerometer Sensor
1555918849297,3,0.41479492,-0.14819336,-0.45507812,Cywee Gyroscope Sensor
1555918849297,3,6.4882812,31.59375,14.09375,Cywee Magnetic field Sensor
1555918849298,3,-7.7460938,0.6557617,-0.31591797,Cywee Linear Acceleration
1555918849298,5,-0.2055664,0.55859375,0.022094727,0.80326045,0.0,Cywee Rotation Vector
1555918849298,3,-17.015625,-3.8652344,2.1660156,Cywee Accelerometer Sensor
1555918849298,3,1.3740234,0.953125,0.21838379,Cywee Gyroscope Sensor
1555918849299,3,5.4492188,33.6875,8.09375,Cywee Magnetic field Sensor
1555918849316,3,6.8984375,0.42797852,0.7915039,Cywee Linear Acceleration
1555918849317,5,-0.06359863,0.65185547,0.005355835,0.7556527,0.0,Cywee Rotation Vector
1555918849317,3,-2.0253906,0.24169922,1.7519531,Cywee Accelerometer Sensor
1555918849318,3,0.28588867,-0.0024261475,0.059906006,Cywee Gyroscope Sensor
1555918849318,3,11.5078125,33.09375,1.7998047,Cywee Magnetic field Sensor
1555918849318,3,10.59375,-0.8486328,-0.6298828,Cywee Linear Acceleration
1555918849319,5,-0.10394287,0.62890625,0.029846191,0.7699234,0.0,Cywee Rotation Vector
1555918849319,3,1.2041016,-1.6972656,1.4287109,Cywee Accelerometer Sensor
1555918849319,3,-0.90478516,-0.14074707,0.42797852,Cywee Gyroscope Sensor
1555918849320,3,11.859375,32.1875,7.1992188,Cywee Magnetic field Sensor
1555918849320,3,-14.4296875,-1.7197266,1.6611328,Cywee Linear Acceleration
1555918849320,5,-0.09484863,0.62939453,0.065979004,0.7684485,0.0,Cywee Rotation Vector
1555918849320,3,-23.21875,-4.2304688,2.5351562,Cywee Accelerometer Sensor
1555918849321,3,-1.5449219,-0.27270508,0.115234375,Cywee Gyroscope Sensor
1555918849321,3,12.8828125,33.375,10.1953125,Cywee Magnetic field Sensor
1555918849321,3,2.4101562,1.7626953,1.2441406,Cywee Linear Acceleration
1555918849322,5,-0.22644043,0.57910156,0.083740234,0.7786872,0.0,Cywee Rotation Vector
1555918849322,3,-6.96875,-1.1748047,3.6328125,Cywee Accelerometer Sensor
1555918849322,3,0.1348877,-0.6640625,-1.2216797,Cywee Gyroscope Sensor
1555918849323,3,6.828125,33.09375,13.5,Cywee Magnetic field Sensor
1555918849323,3,0.7128906,0.82666016,-2.0644531,Cywee Linear Acceleration
1555918849323,5,-0.20581055,0.52783203,0.044067383,0.8228569,0.0,Cywee Rotation Vector
1555918849323,3,-7.6679688,-2.1894531,1.5292969,Cywee Accelerometer Sensor
1555918849324,3,0.7241211,-0.13427734,0.64404297,Cywee Gyroscope Sensor
1555918849324,3,7.6992188,33.6875,9.59375,Cywee Magnetic field Sensor
1555918849325,3,-0.059143066,-3.3925781,-1.2255859,Cywee Linear Acceleration
1555918849326,5,-0.066345215,0.59472656,0.087524414,0.7963907,0.0,Cywee Rotation Vector
1555918849326,3,-9.6015625,-3.1210938,1.3837891,Cywee Accelerometer Sensor
1555918849326,3,2.0878906,1.0136719,1.421875,Cywee Gyroscope Sensor
1555918849327,3,17.90625,31.296875,0.89990234,Cywee Magnetic field Sensor
1555918849327,3,-1.21875,-2.2792969,1.0576172,Cywee Linear Acceleration
1555918849327,5,0.09625244,0.64160156,0.0012626648,0.76097393,0.0,Cywee Rotation Vector
1555918849328,3,-10.8046875,-0.8378906,2.7089844,Cywee Accelerometer Sensor
1555918849328,3,-0.13427734,-0.6479492,-1.3945312,Cywee Gyroscope Sensor
1555918849328,3,14.625,32.78125,-7.796875,Cywee Magnetic field Sensor
1555918849328,3,-1.5488281,2.046875,-0.6425781,Cywee Linear Acceleration
1555918849329,5,-0.055847168,0.56640625,-0.16564941,0.8053728,0.0,Cywee Rotation Vector
1555918849329,3,-10.015625,-0.74902344,2.7480469,Cywee Accelerometer Sensor
1555918849329,3,0.2944336,-1.3945312,-2.5859375,Cywee Gyroscope Sensor
1555918849330,3,-4.4296875,31.890625,-9.59375,Cywee Magnetic field Sensor
1555918849330,3,0.28833008,3.5742188,-1.2207031,Cywee Linear Acceleration
1555918849330,5,-0.14453125,0.4711914,-0.2854004,0.8219708,0.0,Cywee Rotation Vector
1555918849331,3,-6.3671875,-1.3544922,3.8144531,Cywee Accelerometer Sensor
1555918849331,3,0.15722656,-0.16625977,0.33007812,Cywee Gyroscope Sensor
1555918849331,3,-12.3828125,34.875,-6.0,Cywee Magnetic field Sensor
1555918849331,3,-0.8442383,-0.39916992,-0.031188965,Cywee Linear Acceleration
1555918849332,5,-0.08453369,0.5097656,-0.17224121,0.83864534,0.0,Cywee Rotation Vector
1555918849332,3,-9.1171875,-3.6191406,4.4648438,Cywee Accelerometer Sensor
1555918849332,3,0.28808594,0.71777344,2.1171875,Cywee Gyroscope Sensor
1555918849333,3,1.1191406,34.875,-6.0,Cywee Magnetic field Sensor
1555918849333,3,0.8330078,-2.0703125,1.3623047,Cywee Linear Acceleration
1555918849333,5,0.035583496,0.58984375,-0.05239868,0.8050295,0.0,Cywee Rotation Vector
1555918849333,3,-8.9765625,-2.5566406,4.2890625,Cywee Accelerometer Sensor
1555918849334,3,-1.0673828,0.87109375,0.81640625,Cywee Gyroscope Sensor
1555918849334,3,12.546875,32.78125,-4.1992188,Cywee Magnetic field Sensor
1555918849335,3,1.5322266,-2.5058594,1.9033203,Cywee Linear Acceleration
1555918849335,5,0.043273926,0.6220703,-0.04626465,0.78039443,0.0,Cywee Rotation Vector
1555918849335,3,-7.6875,-2.5585938,3.9472656,Cywee Accelerometer Sensor
1555918849336,3,1.4609375,-0.5341797,-1.265625,Cywee Gyroscope Sensor
1555918849336,3,8.0390625,34.0,-12.59375,Cywee Magnetic field Sensor
1555918849336,3,-2.125,-0.8173828,-1.6318359,Cywee Linear Acceleration
1555918849337,5,0.18554688,0.4885254,-0.3347168,0.78414285,0.0,Cywee Rotation Vector
1555918849337,3,-10.0859375,-1.2207031,3.3007812,Cywee Accelerometer Sensor
1555918849337,3,2.1972656,-1.6337891,-1.2119141,Cywee Gyroscope Sensor
1555918849338,3,-6.328125,21.09375,-31.5,Cywee Magnetic field Sensor
1555918849338,3,0.027618408,0.72998047,-0.61572266,Cywee Linear Acceleration
1555918849338,5,0.18676758,0.34814453,-0.5019531,0.76938695,0.0,Cywee Rotation Vector
1555918849339,3,-6.7148438,-0.42114258,6.3671875,Cywee Accelerometer Sensor
1555918849339,3,-0.48754883,-0.91308594,-0.67089844,Cywee Gyroscope Sensor
1555918849339,3,-17.40625,13.296875,-30.296875,Cywee Magnetic field Sensor
1555918849339,3,0.6855469,0.036071777,0.52490234,Cywee Linear Acceleration
1555918849340,5,0.13586426,0.3071289,-0.5371094,0.773774,0.0,Cywee Rotation Vector
1555918849340,3,-5.2148438,-1.1132812,8.125,Cywee Accelerometer Sensor
1555918849340,3,0.19226074,-0.42382812,-0.029449463,Cywee Gyroscope Sensor
1555918849341,3,-22.265625,13.296875,-30.890625,Cywee Magnetic field Sensor
1555918849341,3,0.42919922,-0.3774414,-0.026977539,Cywee Linear Acceleration
1555918849341,5,0.111450195,0.2915039,-0.51464844,0.7985871,0.0,Cywee Rotation Vector
1555918849348,3,-4.984375,-1.328125,7.2265625,Cywee Accelerometer Sensor
1555918849349,3,-0.26611328,-0.2578125,0.40454102,Cywee Gyroscope Sensor
1555918849349,3,-23.8125,18.390625,-27.0,Cywee Magnetic field Sensor
1555918849349,3,0.11553955,0.12792969,-0.115234375,Cywee Linear Acceleration
1555918849350,5,0.08807373,0.26293945,-0.49731445,0.82206094,0.0,Cywee Rotation Vector
1555918849355,3,-4.59375,-0.8041992,8.1875,Cywee Accelerometer Sensor
1555918849357,3,-0.10559082,-0.24719238,0.15246582,Cywee Gyroscope Sensor
1555918849359,3,-23.125,19.890625,-25.796875,Cywee Magnetic field Sensor
1555918849361,3,1.1123047,1.6328125,-0.3232422,Cywee Linear Acceleration
1555918849366,5,0.057281494,0.26367188,-0.4794922,0.83503485,0.0,Cywee Rotation Vector
1555918849367,3,-3.8828125,0.16748047,8.1953125,Cywee Accelerometer Sensor
1555918849369,3,-1.8212891,0.024169922,-0.033691406,Cywee Gyroscope Sensor
1555918849370,3,-21.75,20.5,-22.1875,Cywee Magnetic field Sensor
1555918849370,3,-0.35229492,-1.4208984,0.10882568,Cywee Linear Acceleration
1555918849371,5,-0.34277344,0.45507812,-0.33642578,0.7498186,0.0,Cywee Rotation Vector
1555918849371,3,-4.4257812,-9.3125,2.4765625,Cywee Accelerometer Sensor
1555918849371,3,-4.6289062,-0.38330078,-0.36572266,Cywee Gyroscope Sensor
1555918849372,3,-23.46875,24.6875,12.59375,Cywee Magnetic field Sensor
1555918849372,3,0.72998047,0.010848999,-0.5,Cywee Linear Acceleration
1555918849372,5,-0.55029297,0.5185547,-0.1973877,0.62395257,0.0,Cywee Rotation Vector
1555918849373,3,-3.8339844,-8.125,-2.2910156,Cywee Accelerometer Sensor
1555918849373,3,-0.9628906,0.45507812,0.20776367,Cywee Gyroscope Sensor
1555918849373,3,-24.328125,18.09375,22.5,Cywee Magnetic field Sensor
1555918849374,3,0.33691406,1.3847656,-0.9951172,Cywee Linear Acceleration
1555918849374,5,-0.56640625,0.55371094,-0.17468262,0.58487105,0.0,Cywee Rotation Vector
1555918849378,3,-3.8515625,-7.1796875,-3.4960938,Cywee Accelerometer Sensor
1555918849378,3,-0.65966797,0.072021484,0.124816895,Cywee Gyroscope Sensor
1555918849379,3,-23.125,16.0,25.796875,Cywee Magnetic field Sensor
1555918849379,3,0.5834961,0.12200928,0.40454102,Cywee Linear Acceleration
1555918849379,5,-0.59716797,0.5566406,-0.12524414,0.5637868,0.0,Cywee Rotation Vector
1555918849380,3,-3.78125,-7.7929688,-2.3691406,Cywee Accelerometer Sensor
1555918849382,3,1.0253906,-0.2578125,0.4375,Cywee Gyroscope Sensor
1555918849382,3,-21.5625,20.796875,24.296875,Cywee Magnetic field Sensor
1555918849383,3,-0.9941406,1.2333984,-0.2631836,Cywee Linear Acceleration
1555918849385,5,-0.31347656,0.56152344,-0.18493652,0.7431167,0.0,Cywee Rotation Vector
1555918849387,3,-8.8125,-4.734375,2.2695312,Cywee Accelerometer Sensor
1555918849392,3,4.2617188,0.5136719,2.6445312,Cywee Gyroscope Sensor
1555918849393,3,-6.5,33.6875,-3.0,Cywee Magnetic field Sensor
1555918849396,3,-1.4199219,-0.3828125,0.99560547,Cywee Linear Acceleration
1555918849397,5,0.003944397,0.6245117,-0.12042236,0.7716657,0.0,Cywee Rotation Vector
1555918849400,3,-10.5390625,-2.2480469,2.7070312,Cywee Accelerometer Sensor
1555918849403,3,-1.5703125,0.9316406,1.6425781,Cywee Gyroscope Sensor
1555918849406,3,11.3359375,33.375,-3.2988281,Cywee Magnetic field Sensor
1555918849601,3,1.0302734,-0.8222656,1.8212891,Cywee Linear Acceleration
1555918849602,5,-0.021408081,0.6611328,-0.03161621,0.74929667,0.0,Cywee Rotation Vector
1555918849602,3,-8.2421875,-1.3544922,2.7832031,Cywee Accelerometer Sensor
1555918849603,3,-0.8227539,-0.020507812,-0.21032715,Cywee Gyroscope Sensor
1555918849603,3,10.8125,34.0,1.1992188,Cywee Magnetic field Sensor
1555918849701,3,1.7822266,-1.0058594,1.8525391,Cywee Linear Acceleration
1555918849702,5,-0.113464355,0.6621094,-0.0058250427,0.74074495,0.0,Cywee Rotation Vector
1555918849704,3,-8.1796875,-2.6582031,2.5390625,Cywee Accelerometer Sensor
1555918849705,3,0.36791992,0.23266602,-0.55371094,Cywee Gyroscope Sensor
1555918849748,3,10.1171875,32.1875,4.1992188,Cywee Magnetic field Sensor
1555918855251,3,0.77001953,0.7871094,0.7583008,Cywee Linear Acceleration
1555918855252,5,-0.07745361,0.65771484,-0.11071777,0.74104905,0.0,Cywee Rotation Vector
1555918855252,3,-8.28125,-1.8837891,1.7832031,Cywee Accelerometer Sensor
1555918855253,3,0.90722656,0.027359009,-0.53027344,Cywee Gyroscope Sensor
1555918855253,3,4.9296875,33.09375,-3.5996094,Cywee Magnetic field Sensor
1555918855253,3,0.67333984,0.31030273,-1.7675781,Cywee Linear Acceleration
1555918855254,5,-0.01210022,0.6269531,-0.1973877,0.7535393,0.0,Cywee Rotation Vector
1555918855254,3,-7.8242188,-2.1894531,0.31103516,Cywee Accelerometer Sensor
1555918855254,3,1.3955078,-0.30444336,0.019485474,Cywee Gyroscope Sensor
1555918855255,3,3.7089844,31.890625,-11.6953125,Cywee Magnetic field Sensor
1555918855255,3,-1.5449219,-1.1142578,-1.5546875,Cywee Linear Acceleration
1555918855255,5,0.07244873,0.5751953,-0.30151367,0.7569617,0.0,Cywee Rotation Vector
1555918855255,3,-15.5703125,-3.8613281,2.0292969,Cywee Accelerometer Sensor
1555918855256,3,1.9746094,-0.5214844,-1.21875,Cywee Gyroscope Sensor
1555918855256,3,-1.1298828,26.5,-21.296875,Cywee Magnetic field Sensor
1555918855256,3,-2.875,1.53125,-0.41210938,Cywee Linear Acceleration
1555918855257,5,0.14111328,0.5595703,-0.4477539,0.68299675,0.0,Cywee Rotation Vector
1555918855257,3,-3.46875,-0.01197052,3.9765625,Cywee Accelerometer Sensor
1555918855257,3,1.8369141,1.2060547,-0.3359375,Cywee Gyroscope Sensor
1555918855257,3,-1.1298828,19.0,-30.890625,Cywee Magnetic field Sensor
1555918855258,3,7.1445312,2.9003906,-4.265625,Cywee Linear Acceleration
1555918855258,5,0.24108887,0.52490234,-0.53808594,0.6138544,0.0,Cywee Rotation Vector
1555918855258,3,-1.4023438,0.6894531,-0.54785156,Cywee Accelerometer Sensor
1555918855259,3,-1.1855469,-0.075805664,-0.1986084,Cywee Gyroscope Sensor
1555918855259,3,-1.3095703,14.1953125,-32.375,Cywee Magnetic field Sensor
1555918855259,3,4.5273438,2.6933594,-1.6464844,Cywee Linear Acceleration
1555918855259,5,0.2746582,0.54541016,-0.5546875,0.5651658,0.0,Cywee Rotation Vector
1555918855260,3,-9.09375,-1.1777344,0.66064453,Cywee Accelerometer Sensor
1555918855273,3,0.6635742,0.6069336,0.22912598,Cywee Gyroscope Sensor
1555918855274,3,2.5,13.59375,-32.375,Cywee Magnetic field Sensor
1555918855274,3,-4.1640625,-2.875,2.9824219,Cywee Linear Acceleration
1555918855274,5,0.15100098,0.6376953,-0.36523438,0.66117114,0.0,Cywee Rotation Vector
1555918855275,3,-15.90625,-5.2617188,4.4335938,Cywee Accelerometer Sensor
1555918855275,3,-1.6035156,0.40942383,0.67578125,Cywee Gyroscope Sensor
1555918855275,3,6.65625,25.890625,-21.59375,Cywee Magnetic field Sensor
1555918855276,3,13.5546875,4.59375,-2.6425781,Cywee Linear Acceleration
1555918855276,5,0.18701172,0.60302734,-0.47070312,0.61629796,0.0,Cywee Rotation Vector
1555918855276,3,6.1210938,2.0332031,-0.9428711,Cywee Accelerometer Sensor
1555918855276,3,2.2753906,0.7944336,0.8076172,Cywee Gyroscope Sensor
1555918855277,3,3.3691406,17.5,-32.09375,Cywee Magnetic field Sensor
1555918855277,3,7.796875,1.7792969,-5.34375,Cywee Linear Acceleration
1555918855277,5,0.3071289,0.54785156,-0.43823242,0.6430263,0.0,Cywee Rotation Vector
1555918855278,3,-2.7109375,-0.796875,-2.4882812,Cywee Accelerometer Sensor
1555918855278,3,-1.9746094,0.90283203,0.62353516,Cywee Gyroscope Sensor
1555918855278,3,9.2578125,17.1875,-28.5,Cywee Magnetic field Sensor
1555918855279,3,2.1386719,-2.7226562,-0.1665039,Cywee Linear Acceleration
1555918855279,5,0.3178711,0.6582031,-0.25097656,0.63461596,0.0,Cywee Rotation Vector
1555918855279,3,-11.9453125,-2.5742188,-1.4765625,Cywee Accelerometer Sensor
1555918855279,3,-2.0839844,1.0722656,0.79296875,Cywee Gyroscope Sensor
1555918855280,3,20.6875,21.09375,-15.8984375,Cywee Magnetic field Sensor
1555918855280,3,-1.9013672,0.87402344,3.2597656,Cywee Linear Acceleration
1555918855280,5,0.1685791,0.73535156,-0.12359619,0.6446419,0.0,Cywee Rotation Vector
1555918855281,3,-8.2578125,1.2060547,3.1679688,Cywee Accelerometer Sensor
1555918855281,3,-1.1669922,-0.36523438,-1.6298828,Cywee Gyroscope Sensor
1555918855293,3,14.796875,29.5,-6.296875,Cywee Magnetic field Sensor
1555918855294,3,-3.0703125,-0.69921875,1.6884766,Cywee Linear Acceleration
1555918855294,5,0.049957275,0.69970703,-0.21813965,0.67847586,0.0,Cywee Rotation Vector
1555918855295,3,-12.4609375,-2.0292969,1.9814453,Cywee Accelerometer Sensor
1555918855295,3,4.2617188,-1.4726562,-1.8574219,Cywee Gyroscope Sensor
1555918855295,3,1.2890625,29.1875,-18.890625,Cywee Magnetic field Sensor
1555918855296,3,-0.50341797,-1.7080078,-1.6835938,Cywee Linear Acceleration
1555918855296,5,0.13183594,0.5126953,-0.5341797,0.65910155,0.0,Cywee Rotation Vector
1555918855296,3,-8.7265625,-5.1484375,2.75,Cywee Accelerometer Sensor
1555918855297,3,1.7753906,-0.33862305,-1.5742188,Cywee Gyroscope Sensor
1555918855297,3,-10.65625,15.3984375,-32.375,Cywee Magnetic field Sensor
1555918855297,3,-0.17944336,-1.8349609,-2.4824219,Cywee Linear Acceleration
1555918855297,5,0.0769043,0.49145508,-0.6894531,0.5265093,0.0,Cywee Rotation Vector
1555918855298,3,-5.7460938,-7.0039062,2.4980469,Cywee Accelerometer Sensor
1555918855298,3,0.7167969,0.4794922,-2.3828125,Cywee Gyroscope Sensor
1555918855298,3,-16.1875,7.0,-33.0,Cywee Magnetic field Sensor
1555918855299,3,-0.08520508,0.26782227,-1.5205078,Cywee Linear Acceleration
1555918855299,5,0.0345459,0.5048828,-0.8066406,0.30533725,0.0,Cywee Rotation Vector
1555918855299,3,-3.4140625,-7.8710938,2.9960938,Cywee Accelerometer Sensor
1555918855299,3,-2.0234375,1.1679688,-2.1816406,Cywee Gyroscope Sensor
1555918855300,3,-14.296875,4.5976562,-36.875,Cywee Magnetic field Sensor
1555918855300,3,-0.55371094,1.6318359,-1.1337891,Cywee Linear Acceleration
1555918855300,5,0.010673523,0.68115234,-0.7246094,0.10420573,0.0,Cywee Rotation Vector
1555918855301,3,-1.8027344,-8.28125,-1.125,Cywee Accelerometer Sensor
1555918855303,3,-1.8300781,1.4287109,-0.44018555,Cywee Gyroscope Sensor
1555918855303,3,-6.15625,14.796875,-34.78125,Cywee Magnetic field Sensor
1555918855303,3,0.03741455,0.58251953,-1.3701172,Cywee Linear Acceleration
1555918855304,5,0.09710693,0.7548828,-0.6479492,0.029732078,0.0,Cywee Rotation Vector
1555918855304,3,-1.1435547,-8.515625,-2.7949219,Cywee Accelerometer Sensor
1555918855304,3,0.06781006,0.96777344,0.45141602,Cywee Gyroscope Sensor
1555918855305,3,4.2265625,19.296875,-34.1875,Cywee Magnetic field Sensor
1555918855305,3,0.30395508,-0.30395508,-0.13391113,Cywee Linear Acceleration
1555918855305,5,-0.1352539,-0.7993164,0.58447266,0.03451634,0.0,Cywee Rotation Vector
1555918855306,3,-0.9145508,-9.484375,-3.3964844,Cywee Accelerometer Sensor
1555918855306,3,-0.6459961,0.94677734,-0.15917969,Cywee Gyroscope Sensor
1555918855306,3,9.9453125,22.890625,-26.6875,Cywee Magnetic field Sensor
1555918855306,3,-1.0517578,0.34204102,-0.20458984,Cywee Linear Acceleration
1555918855307,5,-0.18103027,-0.8154297,0.53759766,0.11528764,0.0,Cywee Rotation Vector
1555918855307,3,-1.1152344,-8.3984375,-3.9667969,Cywee Accelerometer Sensor
1555918855307,3,-0.025772095,1.2089844,0.14611816,Cywee Gyroscope Sensor
1555918855308,3,16.875,23.796875,-23.09375,Cywee Magnetic field Sensor
1555918855308,3,-0.5620117,1.1181641,0.13439941,Cywee Linear Acceleration
1555918855308,5,-0.2578125,-0.79003906,0.5234375,0.18810682,0.0,Cywee Rotation Vector
1555918855309,3,0.03829956,-7.4140625,-3.703125,Cywee Accelerometer Sensor
1555918855309,3,-0.1586914,0.88183594,0.37597656,Cywee Gyroscope Sensor
1555918855309,3,23.28125,20.796875,-19.796875,Cywee Magnetic field Sensor
1555918855309,3,0.78515625,-0.18457031,-1.1582031,Cywee Linear Acceleration
1555918855310,5,-0.30639648,-0.67333984,0.6123047,0.27895808,0.0,Cywee Rotation Vector
1555918855310,3,0.79003906,-10.546875,-1.3759766,Cywee Accelerometer Sensor
1555918855310,3,5.171875,1.2294922,0.3503418,Cywee Gyroscope Sensor
1555918855311,3,28.296875,5.1992188,-23.6875,Cywee Magnetic field Sensor
1555918855313,3,0.32495117,1.0966797,0.36645508,Cywee Linear Acceleration
1555918855315,5,-0.15100098,-0.1607666,0.8491211,0.47994396,0.0,Cywee Rotation Vector
1555918855316,3,-0.1986084,-2.9941406,9.390625,Cywee Accelerometer Sensor
1555918855316,3,2.640625,0.6455078,-0.69433594,Cywee Gyroscope Sensor
1555918855317,3,31.765625,-14.59375,-14.09375,Cywee Magnetic field Sensor
1555918855317,3,-0.54248047,-0.96435547,0.95458984,Cywee Linear Acceleration
1555918855317,5,-0.09716797,-0.025344849,0.80859375,0.57973456,0.0,Cywee Rotation Vector
1555918855317,3,-1.3017578,-2.1757812,9.9453125,Cywee Accelerometer Sensor
1555918855318,3,0.121032715,-0.0077438354,-1.0566406,Cywee Gyroscope Sensor
1555918855318,3,33.65625,-8.59375,-11.3984375,Cywee Magnetic field Sensor
1555918855318,3,-0.23986816,-0.106933594,-0.61572266,Cywee Linear Acceleration
1555918855319,5,-0.09686279,-0.055786133,0.74658203,0.6558359,0.0,Cywee Rotation Vector
1555918855319,3,-0.6894531,-2.3144531,8.7890625,Cywee Accelerometer Sensor
1555918855319,3,-0.032165527,0.097595215,-0.7104492,Cywee Gyroscope Sensor
1555918855320,3,33.65625,-2.0,-11.3984375,Cywee Magnetic field Sensor
1555918855320,3,0.0362854,0.14331055,-0.23413086,Cywee Linear Acceleration
1555918855320,5,-0.10595703,-0.057281494,0.71533203,0.6883255,0.0,Cywee Rotation Vector
1555918855321,3,-0.8925781,-2.2441406,9.9296875,Cywee Accelerometer Sensor
1555918855321,3,0.1965332,0.32104492,0.03970337,Cywee Gyroscope Sensor
1555918855321,3,34.53125,1.5996094,-7.5,Cywee Magnetic field Sensor
1555918855322,3,-0.7573242,0.17260742,0.7373047,Cywee Linear Acceleration
1555918855322,5,-0.11480713,-0.028762817,0.734375,0.6683453,0.0,Cywee Rotation Vector
1555918855335,3,-1.8505859,-1.890625,9.6953125,Cywee Accelerometer Sensor
1555918855336,3,-0.19494629,-0.07476807,0.32592773,Cywee Gyroscope Sensor
1555918855336,3,34.71875,-3.5,-8.3984375,Cywee Magnetic field Sensor
1555918855401,3,-0.4802246,0.6796875,-0.4411621,Cywee Linear Acceleration
1555918855405,5,-0.103515625,-0.030578613,0.7402344,0.6636283,0.0,Cywee Rotation Vector
1555918855420,3,-1.5224609,-1.1484375,9.03125,Cywee Accelerometer Sensor
1555918855504,3,0.12634277,-0.043914795,-0.18481445,Cywee Gyroscope Sensor
1555918855505,3,34.53125,-3.1992188,-9.8984375,Cywee Magnetic field Sensor
1555918855506,3,-0.37597656,0.76953125,0.12878418,Cywee Linear Acceleration
1555918855506,5,-0.10675049,-0.029541016,0.7294922,0.6749613,0.0,Cywee Rotation Vector
1555918855506,3,-1.1582031,-0.75634766,9.6484375,Cywee Accelerometer Sensor
1555918855507,3,-0.15454102,-0.003490448,-0.18798828,Cywee Gyroscope Sensor
1555918855507,3,36.4375,-2.5996094,-7.796875,Cywee Magnetic field Sensor
1555918855507,1,73.875,Cywee Heart Rate
1555918855508,3,0.085632324,1.0078125,0.55126953,Cywee Linear Acceleration
1555918855508,5,-0.11053467,-0.046905518,0.7080078,0.6959216,0.0,Cywee Rotation Vector
1555918855509,3,-0.69873047,-1.1845703,10.296875,Cywee Accelerometer Sensor
1555918855510,3,-0.01939392,-0.20568848,-0.5761719,Cywee Gyroscope Sensor
1555918855513,3,35.90625,2.1992188,-9.8984375,Cywee Magnetic field Sensor
1555918855545,3,-0.01675415,-1.6582031,10.828125,Cywee Accelerometer Sensor
1555918855549,3,-0.15551758,-1.9648438,11.15625,Cywee Accelerometer Sensor
1555918855563,3,-0.34228516,-2.1132812,11.359375,Cywee Accelerometer Sensor
1555918855570,3,-0.51708984,-2.0507812,11.4375,Cywee Accelerometer Sensor
1555918855573,3,-0.7729492,-2.09375,11.421875,Cywee Accelerometer Sensor
1555918855580,3,-1.0908203,-2.2910156,11.203125,Cywee Accelerometer Sensor
1555918855592,3,-1.3046875,-2.4960938,10.9375,Cywee Accelerometer Sensor
1555918855595,3,-1.4169922,-2.6210938,10.765625,Cywee Accelerometer Sensor
1555918855620,3,-1.5341797,-2.6894531,10.6171875,Cywee Accelerometer Sensor
1555918855623,3,-1.6806641,-2.6542969,10.5390625,Cywee Accelerometer Sensor
1555918855625,3,-1.625,-2.5136719,10.5078125,Cywee Accelerometer Sensor
1555918855661,3,-1.5078125,-2.4570312,10.4296875,Cywee Accelerometer Sensor
1555918855664,3,-1.3476562,-2.515625,10.1328125,Cywee Accelerometer Sensor
1555918855667,3,-1.3095703,-2.5078125,9.734375,Cywee Accelerometer Sensor
1555918855673,3,-1.1347656,-2.5273438,9.21875,Cywee Accelerometer Sensor
1555918855681,3,-0.68603516,-0.17614746,-0.25097656,Cywee Linear Acceleration
1555918855685,5,-0.11193848,-0.06262207,0.6689453,0.7321615,0.0,Cywee Rotation Vector
1555918855687,3,-0.8183594,-2.6328125,8.7265625,Cywee Accelerometer Sensor
1555918855691,3,-0.5239258,-2.8417969,8.390625,Cywee Accelerometer Sensor
1555918855693,3,-0.37817383,-3.0761719,8.265625,Cywee Accelerometer Sensor
1555918855717,3,-0.2631836,-3.1855469,8.265625,Cywee Accelerometer Sensor
1555918855719,3,-0.14355469,-3.2695312,8.484375,Cywee Accelerometer Sensor
1555918855720,3,36.09375,6.3984375,-9.59375,Cywee Magnetic field Sensor
1555918855722,3,0.023162842,0.18273926,-0.5654297,Cywee Gyroscope Sensor
1555918855724,3,-0.04309082,-3.3261719,8.8125,Cywee Accelerometer Sensor
1555918855746,3,-0.17468262,-3.2714844,9.09375,Cywee Accelerometer Sensor
1555918855748,3,-0.44995117,-3.2304688,9.296875,Cywee Accelerometer Sensor
1555918855751,3,-0.6699219,-3.3164062,9.421875,Cywee Accelerometer Sensor
1555918855776,3,-0.84716797,-3.5351562,9.5234375,Cywee Accelerometer Sensor
1555918855778,3,-1.0742188,-3.6875,9.4296875,Cywee Accelerometer Sensor
1555918855779,3,-1.2705078,-3.484375,9.2734375,Cywee Accelerometer Sensor
1555918855806,3,-1.390625,-3.0644531,9.09375,Cywee Accelerometer Sensor
1555918855808,3,-1.453125,-2.7363281,8.8828125,Cywee Accelerometer Sensor
1555918855811,3,-1.3740234,-2.6191406,8.71875,Cywee Accelerometer Sensor
1555918855836,3,-1.265625,-2.6152344,8.6171875,Cywee Accelerometer Sensor
1555918855838,3,-1.0771484,-2.6015625,8.6796875,Cywee Accelerometer Sensor
1555918855840,3,-0.859375,-2.5507812,8.8359375,Cywee Accelerometer Sensor
1555918855866,3,-0.6845703,-2.4863281,8.9609375,Cywee Accelerometer Sensor
1555918855868,3,-0.54785156,-2.4082031,8.9609375,Cywee Accelerometer Sensor
1555918855870,3,0.10986328,-0.060577393,-0.49316406,Cywee Linear Acceleration
1555918855872,5,-0.12121582,-0.04977417,0.63916016,0.7578282,0.0,Cywee Rotation Vector
1555918855874,3,-0.42114258,-2.3613281,8.8984375,Cywee Accelerometer Sensor
1555918855896,3,-0.34692383,-2.3710938,8.8203125,Cywee Accelerometer Sensor
1555918855898,3,-0.30639648,-2.4316406,8.7578125,Cywee Accelerometer Sensor
1555918855900,3,-0.2800293,-2.5390625,8.75,Cywee Accelerometer Sensor
1555918855926,3,-0.34472656,-2.671875,8.8125,Cywee Accelerometer Sensor
1555918855928,3,34.53125,8.796875,-7.5,Cywee Magnetic field Sensor
1555918855930,3,-0.17150879,0.1965332,-0.035827637,Cywee Gyroscope Sensor
1555918855932,3,-0.3852539,-2.71875,8.9453125,Cywee Accelerometer Sensor
1555918855934,3,-0.45483398,-2.7050781,9.1171875,Cywee Accelerometer Sensor
1555918855956,3,-0.57421875,-2.59375,9.1953125,Cywee Accelerometer Sensor
1555918855958,3,-0.6196289,-2.4082031,9.203125,Cywee Accelerometer Sensor
1555918855960,3,-0.61279297,-2.2910156,9.203125,Cywee Accelerometer Sensor
1555918855985,3,-0.5839844,-2.2695312,9.1953125,Cywee Accelerometer Sensor
1555918855988,3,-0.5673828,-2.2929688,9.1953125,Cywee Accelerometer Sensor
1555918855990,3,-0.5288086,-2.2714844,9.1796875,Cywee Accelerometer Sensor
1555918856015,3,-0.46435547,-2.2207031,9.1796875,Cywee Accelerometer Sensor
1555918856018,3,-0.43798828,-2.2714844,9.2265625,Cywee Accelerometer Sensor
1555918856020,3,-0.43310547,-2.3398438,9.3359375,Cywee Accelerometer Sensor
1555918856045,3,-0.4189453,-2.3164062,9.3671875,Cywee Accelerometer Sensor
1555918856048,3,-0.38061523,-2.2011719,9.3984375,Cywee Accelerometer Sensor
1555918856050,3,-0.38061523,-2.1230469,9.453125,Cywee Accelerometer Sensor
1555918856075,3,-0.37573242,-2.1777344,9.5234375,Cywee Accelerometer Sensor
1555918856077,3,0.5527344,0.36938477,0.14916992,Cywee Linear Acceleration
1555918856079,5,-0.13769531,-0.047668457,0.6479492,0.7476159,0.0,Cywee Rotation Vector
1555918856081,3,-0.4260254,-2.2636719,9.5234375,Cywee Accelerometer Sensor
1555918856082,3,-0.48828125,-2.1953125,9.5234375,Cywee Accelerometer Sensor
1555918856105,3,-0.5600586,-2.1074219,9.546875,Cywee Accelerometer Sensor
1555918856106,3,-0.60791016,-2.1289062,9.546875,Cywee Accelerometer Sensor
1555918856108,3,-0.6533203,-2.2109375,9.5390625,Cywee Accelerometer Sensor
1555918856109,3,35.5625,7.296875,-6.296875,Cywee Magnetic field Sensor
1555918856111,3,-0.035339355,0.12420654,0.44091797,Cywee Gyroscope Sensor
1555918856135,3,-0.75390625,-2.3027344,9.640625,Cywee Accelerometer Sensor
1555918856136,3,-0.8378906,-2.3457031,9.703125,Cywee Accelerometer Sensor
1555918856138,3,-0.8857422,-2.3027344,9.71875,Cywee Accelerometer Sensor
1555918856165,3,-0.89746094,-2.2617188,9.796875,Cywee Accelerometer Sensor
1555918856166,3,-0.96484375,-2.3242188,10.0234375,Cywee Accelerometer Sensor
1555918856168,3,-1.1132812,-2.5878906,10.4609375,Cywee Accelerometer Sensor
1555918856195,3,-1.5195312,-2.8339844,10.8671875,Cywee Accelerometer Sensor
1555918856196,3,-1.9580078,-2.7363281,11.2265625,Cywee Accelerometer Sensor
1555918856197,3,-2.2832031,-2.4257812,11.3359375,Cywee Accelerometer Sensor
1555918856225,3,-2.4960938,-2.1542969,11.2265625,Cywee Accelerometer Sensor
1555918856226,3,-2.578125,-2.1015625,10.9296875,Cywee Accelerometer Sensor
1555918856227,3,-2.4863281,-2.1757812,10.5546875,Cywee Accelerometer Sensor
1555918856255,3,-2.2832031,-2.3085938,10.390625,Cywee Accelerometer Sensor
1555918856256,3,-2.1855469,-2.4492188,10.5234375,Cywee Accelerometer Sensor
1555918856257,3,-2.328125,-2.5039062,10.8203125,Cywee Accelerometer Sensor
1555918856259,3,-0.85009766,-0.29907227,1.4345703,Cywee Linear Acceleration
1555918856260,5,-0.1418457,-0.022521973,0.68847656,0.7108956,0.0,Cywee Rotation Vector
1555918856284,3,-2.5058594,-2.4335938,11.0703125,Cywee Accelerometer Sensor
1555918856286,3,-2.5585938,-2.2714844,11.1953125,Cywee Accelerometer Sensor
1555918856287,3,-2.671875,-2.1601562,11.1953125,Cywee Accelerometer Sensor
1555918856314,3,-2.7949219,-2.1386719,11.0390625,Cywee Accelerometer Sensor
1555918856316,3,-2.9023438,-2.0488281,10.71875,Cywee Accelerometer Sensor
1555918856317,3,36.09375,1.5996094,-7.1992188,Cywee Magnetic field Sensor
1555918856318,3,-0.11621094,0.0028934479,0.8491211,Cywee Gyroscope Sensor
1555918856320,3,-2.921875,-2.0039062,10.3359375,Cywee Accelerometer Sensor
1555918856344,3,-2.8671875,-2.0917969,9.78125,Cywee Accelerometer Sensor
1555918856346,3,-2.7734375,-2.1992188,9.3125,Cywee Accelerometer Sensor
1555918856347,3,-2.6328125,-2.3378906,8.9609375,Cywee Accelerometer Sensor
1555918856374,3,-2.4296875,-2.3125,8.78125,Cywee Accelerometer Sensor
1555918856376,3,-2.2421875,-2.1992188,8.6484375,Cywee Accelerometer Sensor
1555918856377,3,-2.0683594,-2.1367188,8.5703125,Cywee Accelerometer Sensor
1555918856404,3,-1.9511719,-2.0859375,8.5625,Cywee Accelerometer Sensor
1555918856405,3,-1.8857422,-1.9697266,8.578125,Cywee Accelerometer Sensor
1555918856407,3,-1.8955078,-1.9033203,8.6328125,Cywee Accelerometer Sensor
1555918856434,3,-1.9384766,-1.8310547,8.6875,Cywee Accelerometer Sensor
1555918856435,3,-2.0898438,-1.7470703,8.734375,Cywee Accelerometer Sensor
1555918856437,3,-2.2910156,-1.6708984,8.828125,Cywee Accelerometer Sensor
1555918856464,3,-2.5078125,-1.5458984,8.875,Cywee Accelerometer Sensor
1555918856465,3,-2.6660156,-1.3837891,8.8515625,Cywee Accelerometer Sensor
1555918856467,3,-1.2822266,0.7998047,-0.55859375,Cywee Linear Acceleration
1555918856468,5,-0.1352539,-0.035461426,0.7397461,0.65819794,0.0,Cywee Rotation Vector
1555918856469,3,-2.7304688,-1.1728516,8.828125,Cywee Accelerometer Sensor
1555918856494,3,-2.7363281,-1.0429688,8.8515625,Cywee Accelerometer Sensor
1555918856495,3,-2.6972656,-1.0429688,8.8984375,Cywee Accelerometer Sensor
1555918856496,3,-2.6191406,-1.1005859,8.875,Cywee Accelerometer Sensor
1555918856524,3,-2.4941406,-1.1171875,8.8125,Cywee Accelerometer Sensor
1555918856525,3,35.90625,-4.0976562,-9.8984375,Cywee Magnetic field Sensor
1555918856527,3,-0.19604492,-0.31518555,0.61816406,Cywee Gyroscope Sensor
1555918856528,3,-2.4042969,-1.1611328,8.78125,Cywee Accelerometer Sensor
1555918856529,3,-2.3183594,-1.2207031,8.828125,Cywee Accelerometer Sensor
1555918856554,3,-2.2285156,-1.2587891,8.828125,Cywee Accelerometer Sensor
1555918856555,3,-2.1523438,-1.3017578,8.8203125,Cywee Accelerometer Sensor
1555918856557,3,-2.0605469,-1.3476562,8.8359375,Cywee Accelerometer Sensor
1555918856583,3,-1.9052734,-1.3427734,8.8125,Cywee Accelerometer Sensor
1555918856585,3,-1.7929688,-1.2832031,8.7734375,Cywee Accelerometer Sensor
1555918856586,3,-1.7236328,-1.2539062,8.7265625,Cywee Accelerometer Sensor
1555918856613,3,-1.6328125,-1.2539062,8.7109375,Cywee Accelerometer Sensor
1555918856615,3,-1.5439453,-1.3017578,8.7734375,Cywee Accelerometer Sensor
1555918856616,3,-1.4667969,-1.2871094,8.84375,Cywee Accelerometer Sensor
1555918856643,3,-1.421875,-1.1132812,8.9375,Cywee Accelerometer Sensor
1555918856645,3,-1.4189453,-0.9863281,9.0234375,Cywee Accelerometer Sensor
1555918856646,3,-1.4023438,-0.9838867,9.0703125,Cywee Accelerometer Sensor
1555918856673,3,-1.390625,-0.9814453,9.109375,Cywee Accelerometer Sensor
1555918856674,3,-0.060150146,1.1005859,-0.33203125,Cywee Linear Acceleration
1555918856676,5,-0.12780762,-0.040039062,0.7734375,0.61956155,0.0,Cywee Rotation Vector
1555918856677,3,-1.3759766,-0.9838867,9.109375,Cywee Accelerometer Sensor
1555918856678,3,-1.3398438,-0.93847656,9.140625,Cywee Accelerometer Sensor
1555918856703,3,-1.3261719,-0.90966797,9.1484375,Cywee Accelerometer Sensor
1555918856704,3,-1.3642578,-0.9550781,9.21875,Cywee Accelerometer Sensor
1555918856706,3,-1.3613281,-0.98876953,9.28125,Cywee Accelerometer Sensor
1555918856707,3,35.90625,-6.5,-10.5,Cywee Magnetic field Sensor
1555918856708,3,-0.3503418,-0.18005371,0.14282227,Cywee Gyroscope Sensor
1555918856733,3,-1.3710938,-0.98876953,9.34375,Cywee Accelerometer Sensor
1555918856734,3,-1.3134766,-0.92871094,9.3671875,Cywee Accelerometer Sensor
1555918856736,3,-1.2900391,-0.89990234,9.5078125,Cywee Accelerometer Sensor
1555918856763,3,-1.2900391,-0.89990234,9.5078125,Cywee Accelerometer Sensor
1555918856764,3,-1.2207031,-0.96484375,9.5546875,Cywee Accelerometer Sensor
1555918856766,3,-1.1875,-1.0410156,9.609375,Cywee Accelerometer Sensor
1555918856793,3,-1.1943359,-1.1171875,9.7265625,Cywee Accelerometer Sensor
1555918856794,3,-1.2060547,-1.0673828,9.703125,Cywee Accelerometer Sensor
1555918856796,3,-1.2373047,-1.0478516,9.6640625,Cywee Accelerometer Sensor
1555918856823,3,-1.3017578,-1.2353516,9.65625,Cywee Accelerometer Sensor
1555918856824,3,-1.3232422,-1.4355469,9.6953125,Cywee Accelerometer Sensor
1555918856826,3,-1.3398438,-1.5390625,9.734375,Cywee Accelerometer Sensor
1555918856853,3,-1.3544922,-1.5800781,9.7890625,Cywee Accelerometer Sensor
1555918856854,3,-1.3662109,-1.5917969,9.8046875,Cywee Accelerometer Sensor
1555918856855,3,-1.3544922,-1.5722656,9.8046875,Cywee Accelerometer Sensor
1555918856857,3,-0.40820312,0.90722656,0.41015625,Cywee Linear Acceleration
1555918856858,5,-0.125,-0.06890869,0.77490234,0.61575395,0.0,Cywee Rotation Vector
1555918856882,3,-1.3232422,-1.6708984,9.734375,Cywee Accelerometer Sensor
1555918856884,3,-1.1943359,-1.7519531,9.765625,Cywee Accelerometer Sensor
1555918856885,3,-0.99316406,-1.8242188,9.78125,Cywee Accelerometer Sensor
1555918856912,3,-0.7441406,-2.03125,10.0078125,Cywee Accelerometer Sensor
1555918856914,3,-0.60058594,-2.4199219,10.4375,Cywee Accelerometer Sensor
1555918856915,3,35.90625,-5.0,-13.5,Cywee Magnetic field Sensor
1555918856916,3,-0.09814453,-0.3322754,-0.3071289,Cywee Gyroscope Sensor
1555918856918,3,-0.6557617,-2.84375,10.984375,Cywee Accelerometer Sensor
1555918856942,3,-0.6557617,-2.84375,10.984375,Cywee Accelerometer Sensor
1555918856944,3,-0.6557617,-2.84375,10.984375,Cywee Accelerometer Sensor
1555918856945,1,73.75,Cywee Heart Rate
1555918856946,3,-0.8256836,-3.0292969,11.3828125,Cywee Accelerometer Sensor
1555918856972,3,-1.390625,-3.0585938,11.515625,Cywee Accelerometer Sensor
1555918856974,3,-1.5292969,-3.1523438,11.3125,Cywee Accelerometer Sensor
1555918856975,3,-1.5322266,-3.2148438,10.9609375,Cywee Accelerometer Sensor
1555918857002,3,-1.4355469,-3.234375,10.640625,Cywee Accelerometer Sensor
1555918857003,3,-1.3974609,-3.4003906,10.5078125,Cywee Accelerometer Sensor
1555918857005,3,-1.3808594,-3.5234375,10.5546875,Cywee Accelerometer Sensor
1555918857032,3,-1.3662109,-3.4648438,10.59375,Cywee Accelerometer Sensor
1555918857033,3,-1.3134766,-3.3105469,10.546875,Cywee Accelerometer Sensor
1555918857035,3,-1.1894531,-3.2695312,10.3359375,Cywee Accelerometer Sensor
1555918857062,3,-1.0146484,-3.34375,10.09375,Cywee Accelerometer Sensor
1555918857063,3,-0.8354492,-3.4628906,9.734375,Cywee Accelerometer Sensor
1555918857065,3,-0.38134766,-0.7368164,0.36547852,Cywee Linear Acceleration
1555918857066,5,-0.114990234,-0.09246826,0.76220703,0.6302914,0.0,Cywee Rotation Vector
1555918857067,3,-0.66796875,-3.4316406,9.34375,Cywee Accelerometer Sensor
1555918857092,3,-0.47143555,-3.3535156,8.9921875,Cywee Accelerometer Sensor
1555918857093,3,-0.32788086,-3.3574219,8.8515625,Cywee Accelerometer Sensor
1555918857094,3,-0.296875,-3.375,8.9140625,Cywee Accelerometer Sensor
1555918857122,3,-0.34228516,-3.3164062,8.9765625,Cywee Accelerometer Sensor
1555918857123,3,35.40625,-2.0,-15.0,Cywee Magnetic field Sensor
1555918857124,3,0.3071289,0.116760254,-0.38793945,Cywee Gyroscope Sensor
1555918857126,3,-0.37109375,-3.2949219,9.078125,Cywee Accelerometer Sensor
1555918857127,3,-0.47631836,-3.2597656,9.1015625,Cywee Accelerometer Sensor
1555918857152,3,-0.66308594,-3.3242188,9.1953125,Cywee Accelerometer Sensor
1555918857153,3,-0.8881836,-3.5742188,9.25,Cywee Accelerometer Sensor
1555918857154,3,-1.1777344,-3.796875,9.171875,Cywee Accelerometer Sensor
1555918857181,3,-1.3662109,-3.6835938,9.109375,Cywee Accelerometer Sensor
1555918857183,3,-1.5126953,-3.3300781,9.0,Cywee Accelerometer Sensor
1555918857184,3,-1.5703125,-3.1289062,8.9140625,Cywee Accelerometer Sensor
1555918857211,3,-1.5361328,-2.9824219,8.7578125,Cywee Accelerometer Sensor
1555918857212,3,-1.3691406,-2.84375,8.53125,Cywee Accelerometer Sensor
1555918857213,3,-1.1875,-2.6679688,8.2890625,Cywee Accelerometer Sensor
1555918857241,3,-0.95751953,-2.5351562,8.1796875,Cywee Accelerometer Sensor
1555918857242,3,-0.7060547,-2.4785156,8.1328125,Cywee Accelerometer Sensor
1555918857244,3,-0.4572754,-2.4101562,8.1484375,Cywee Accelerometer Sensor
1555918857271,3,-0.24414062,-2.3808594,8.1640625,Cywee Accelerometer Sensor
1555918857272,3,0.34521484,-0.032196045,-1.2998047,Cywee Linear Acceleration
1555918857273,5,-0.108947754,-0.07104492,0.75341797,0.6445497,0.0,Cywee Rotation Vector
1555918857275,3,-0.093322754,-2.4296875,8.2734375,Cywee Accelerometer Sensor
1555918857276,3,-0.0335083,-2.4863281,8.296875,Cywee Accelerometer Sensor
1555918857301,3,-0.035888672,-2.4648438,8.34375,Cywee Accelerometer Sensor
1555918857303,3,-0.05505371,-2.5390625,8.390625,Cywee Accelerometer Sensor
1555918857305,3,-0.12927246,-2.6308594,8.5078125,Cywee Accelerometer Sensor
1555918857307,3,36.96875,-0.7998047,-11.6953125,Cywee Magnetic field Sensor
1555918857308,3,-0.17895508,0.06781006,0.36108398,Cywee Gyroscope Sensor
1555918857331,3,-0.22497559,-2.6953125,8.6171875,Cywee Accelerometer Sensor
1555918857333,3,-0.33032227,-2.6835938,8.6875,Cywee Accelerometer Sensor
1555918857336,3,-0.40454102,-2.6621094,8.765625,Cywee Accelerometer Sensor
1555918857361,3,-0.48120117,-2.6132812,8.875,Cywee Accelerometer Sensor
1555918857363,3,-0.54785156,-2.609375,9.03125,Cywee Accelerometer Sensor
1555918857365,3,-0.5673828,-2.6113281,9.1484375,Cywee Accelerometer Sensor
1555918857391,3,-0.60058594,-2.5371094,9.203125,Cywee Accelerometer Sensor
1555918857393,3,-0.60546875,-2.4296875,9.28125,Cywee Accelerometer Sensor
1555918857395,3,-0.6269531,-2.3515625,9.296875,Cywee Accelerometer Sensor
1555918857421,3,-0.6196289,-2.3164062,9.3359375,Cywee Accelerometer Sensor
1555918857423,3,-0.6176758,-2.2539062,9.421875,Cywee Accelerometer Sensor
1555918857425,3,-0.6176758,-2.2714844,9.5546875,Cywee Accelerometer Sensor
1555918857451,3,-0.6772461,-2.3183594,9.671875,Cywee Accelerometer Sensor
1555918857453,3,-0.74658203,-2.4257812,9.8828125,Cywee Accelerometer Sensor
1555918857455,3,-0.84716797,-2.515625,10.09375,Cywee Accelerometer Sensor
1555918857456,3,0.06970215,-0.030212402,0.6953125,Cywee Linear Acceleration
1555918857458,5,-0.122924805,-0.07196045,0.7841797,0.60396475,0.0,Cywee Rotation Vector
1555918857481,3,-0.9814453,-2.578125,10.21875,Cywee Accelerometer Sensor
1555918857483,3,-1.0791016,-2.4726562,10.296875,Cywee Accelerometer Sensor
1555918857485,3,-1.1054688,-2.3398438,10.2578125,Cywee Accelerometer Sensor
1555918857511,3,-1.1201172,-2.2949219,10.1640625,Cywee Accelerometer Sensor
1555918857513,3,-1.0888672,-2.34375,10.171875,Cywee Accelerometer Sensor
1555918857515,3,36.96875,-5.8984375,-11.6953125,Cywee Magnetic field Sensor
1555918857517,3,0.031677246,-0.075805664,0.921875,Cywee Gyroscope Sensor
1555918857519,3,-1.0458984,-2.4238281,10.265625,Cywee Accelerometer Sensor
1555918857540,3,-1.1269531,-2.4550781,10.5234375,Cywee Accelerometer Sensor
1555918857542,3,-1.3330078,-2.3808594,10.703125,Cywee Accelerometer Sensor
1555918857544,3,-1.5029297,-2.2558594,10.7421875,Cywee Accelerometer Sensor
1555918857570,3,-1.5273438,-2.0957031,10.6953125,Cywee Accelerometer Sensor
1555918857572,3,-1.4619141,-2.0898438,10.6484375,Cywee Accelerometer Sensor
1555918857574,3,-1.453125,-2.2636719,10.5703125,Cywee Accelerometer Sensor
1555918857600,3,-1.4267578,-2.4433594,10.5703125,Cywee Accelerometer Sensor
1555918857602,3,-1.3955078,-2.5253906,10.7421875,Cywee Accelerometer Sensor
1555918857604,3,-1.3925781,-2.5488281,11.0234375,Cywee Accelerometer Sensor
1555918857630,3,-1.5390625,-2.6035156,11.3359375,Cywee Accelerometer Sensor
1555918857632,3,-1.8261719,-2.7851562,11.546875,Cywee Accelerometer Sensor
1555918857633,3,-2.1347656,-3.0117188,11.625,Cywee Accelerometer Sensor
1555918857660,3,-2.4179688,-3.0488281,11.5703125,Cywee Accelerometer Sensor
1555918857661,3,-2.65625,-2.7675781,11.2890625,Cywee Accelerometer Sensor
1555918857663,3,-1.3193359,-0.7836914,1.8300781,Cywee Linear Acceleration
1555918857664,5,-0.11981201,-0.050079346,0.84033203,0.52628815,0.0,Cywee Rotation Vector
1555918857666,3,-2.7949219,-2.4394531,10.859375,Cywee Accelerometer Sensor
1555918857690,3,-2.8378906,-2.2753906,10.2109375,Cywee Accelerometer Sensor
1555918857691,3,-2.7539062,-2.1542969,9.5390625,Cywee Accelerometer Sensor
1555918857693,3,-2.5820312,-2.0371094,9.0546875,Cywee Accelerometer Sensor
1555918857719,3,-2.3476562,-1.890625,8.6640625,Cywee Accelerometer Sensor
1555918857722,3,35.40625,-13.6953125,-12.59375,Cywee Magnetic field Sensor
1555918857723,3,-0.1640625,-0.23217773,0.9472656,Cywee Gyroscope Sensor
1555918857724,3,-2.1230469,-1.7021484,8.3671875,Cywee Accelerometer Sensor
1555918857726,3,-1.9003906,-1.6660156,8.1640625,Cywee Accelerometer Sensor
1555918857749,3,-1.6943359,-1.6845703,8.0390625,Cywee Accelerometer Sensor
1555918857751,3,-1.5986328,-1.7236328,7.9570312,Cywee Accelerometer Sensor
1555918857753,3,-1.5800781,-1.8046875,7.9140625,Cywee Accelerometer Sensor
1555918857779,3,-1.6347656,-1.8261719,7.9492188,Cywee Accelerometer Sensor
1555918857781,3,-1.7324219,-1.7832031,7.9648438,Cywee Accelerometer Sensor
1555918857783,3,-1.8242188,-1.71875,8.015625,Cywee Accelerometer Sensor
1555918857809,3,-1.9677734,-1.6582031,8.09375,Cywee Accelerometer Sensor
1555918857811,3,-2.1445312,-1.7089844,8.1796875,Cywee Accelerometer Sensor
1555918857813,3,-2.2207031,-1.6826172,8.3671875,Cywee Accelerometer Sensor
1555918857839,3,-2.3066406,-1.5390625,8.515625,Cywee Accelerometer Sensor
1555918857841,3,-2.4101562,-1.4189453,8.65625,Cywee Accelerometer Sensor
1555918857843,3,-2.4570312,-1.4404297,8.7890625,Cywee Accelerometer Sensor
1555918857870,3,-2.4785156,-1.5126953,8.9609375,Cywee Accelerometer Sensor
1555918857871,3,-1.1884766,0.4050293,-0.52001953,Cywee Linear Acceleration
1555918857872,5,-0.11102295,-0.058929443,0.8857422,0.44683552,0.0,Cywee Rotation Vector
1555918857874,3,-2.53125,-1.5703125,9.1484375,Cywee Accelerometer Sensor
1555918857876,3,-2.5449219,-1.5410156,9.296875,Cywee Accelerometer Sensor
1555918857899,3,-2.546875,-1.4648438,9.3203125,Cywee Accelerometer Sensor
1555918857901,3,-2.5136719,-1.4121094,9.28125,Cywee Accelerometer Sensor
1555918857917,3,-2.4609375,-1.4355469,9.1640625,Cywee Accelerometer Sensor
1555918857934,3,33.65625,-18.796875,-12.59375,Cywee Magnetic field Sensor
1555918857935,3,-0.3395996,-0.1619873,0.83447266,Cywee Gyroscope Sensor
1555918857938,3,-2.3691406,-1.5175781,9.0546875,Cywee Accelerometer Sensor
1555918857939,3,-2.2324219,-1.6083984,9.1328125,Cywee Accelerometer Sensor
1555918857941,3,-2.0683594,-1.7207031,9.2734375,Cywee Accelerometer Sensor
1555918857950,3,-1.9365234,-1.7880859,9.3828125,Cywee Accelerometer Sensor
1555918857953,3,-1.9365234,-1.7880859,9.3828125,Cywee Accelerometer Sensor
1555918857978,3,-1.9365234,-1.7880859,9.3828125,Cywee Accelerometer Sensor
1555918857980,1,73.6875,Cywee Heart Rate
1555918857983,3,-1.75,-1.8046875,9.46875,Cywee Accelerometer Sensor
1555918857984,3,-1.4960938,-1.6992188,9.40625,Cywee Accelerometer Sensor
1555918858008,3,-1.484375,-1.6279297,9.2890625,Cywee Accelerometer Sensor
1555918858010,3,-1.4765625,-1.5146484,9.171875,Cywee Accelerometer Sensor
1555918858012,3,-1.5009766,-1.3642578,9.140625,Cywee Accelerometer Sensor
1555918858038,3,-1.5673828,-1.2832031,9.1796875,Cywee Accelerometer Sensor
1555918858050,3,-1.6064453,-1.1748047,9.1640625,Cywee Accelerometer Sensor
1555918858051,3,-1.5673828,-1.0986328,9.1953125,Cywee Accelerometer Sensor
1555918858058,3,-1.5195312,-1.0625,9.1875,Cywee Accelerometer Sensor
1555918858060,3,-0.17102051,1.1845703,-0.21081543,Cywee Linear Acceleration
1555918858061,5,-0.11639404,-0.08087158,0.9116211,0.38582268,0.0,Cywee Rotation Vector
1555918858063,3,-1.4980469,-1.0576172,9.203125,Cywee Accelerometer Sensor
1555918858088,3,-1.4814453,-1.0693359,9.265625,Cywee Accelerometer Sensor
1555918858093,3,-1.8242188,-1.0556641,7.9257812,Cywee Accelerometer Sensor
1555918858099,3,-3.703125,3.1835938,9.8515625,Cywee Accelerometer Sensor
1555918858108,3,1.1132812,-5.1914062,8.453125,Cywee Accelerometer Sensor
1555918858112,3,31.59375,-21.5,-15.59375,Cywee Magnetic field Sensor
1555918858118,3,-1.3261719,-0.11730957,0.36523438,Cywee Gyroscope Sensor
1555918858119,3,-1.0869141,-3.3105469,8.3515625,Cywee Accelerometer Sensor
1555918858128,3,-1.7421875,-0.16040039,9.34375,Cywee Accelerometer Sensor
1555918858129,3,-1.5839844,-1.0429688,9.953125,Cywee Accelerometer Sensor
1555918858157,3,-1.0644531,-1.0869141,9.9453125,Cywee Accelerometer Sensor
1555918858159,3,-1.1533203,-1.6445312,9.9375,Cywee Accelerometer Sensor
1555918858164,3,-1.1992188,-1.6494141,9.984375,Cywee Accelerometer Sensor
1555918858192,3,-1.2900391,-1.2373047,10.03125,Cywee Accelerometer Sensor
1555918858193,3,-2.5078125,-0.2536621,9.9921875,Cywee Accelerometer Sensor
1555918858195,3,-1.8671875,-1.0888672,9.8515625,Cywee Accelerometer Sensor
